#support,1.076999,0.8645127,-1.323002,0,40,0,tunelzinho1_bar,0.6849546,1.513743,-0.9940381,0,40,0,0.3920441,-0.6492299,-0.3289642,2.430677,-1.001922,-1.09098,-1.353678,1.866435,-0.2320217,-1.353678,2.506435,-1.632021,0.01810598,2.731278,2.749384,
#bar,0.6849546,1.513743,-0.9940381,0,40,0,tunelzinho1_support,1.076999,0.8645127,-1.323002,0,40,0,-0.3920441,0.6492299,0.3289642,2.038633,-0.3526923,-0.7620163,-1.353678,1.866435,-0.2320217,-1.353678,2.506435,-1.632021,0.02861714,2.73127,2.759887,
#support (1),0.2929096,0.8645127,-0.6650748,0,40,0,tunelzinho1_bar,0.6849546,1.513743,-0.9940381,0,40,0,-0.392045,-0.6492299,0.3289633,1.646588,-1.001922,-0.4330529,-1.353678,1.866435,-0.2320217,-1.353678,2.506435,-1.632021,0.03529716,2.731278,2.766575,
#bar,0.6849546,1.513743,-0.9940381,0,40,0,tunelzinho1_support (1),0.2929096,0.8645127,-0.6650748,0,40,0,0.392045,0.6492299,-0.3289633,2.038633,-0.3526923,-0.7620163,-1.353678,1.866435,-0.2320217,-1.353678,2.506435,-1.632021,0.03765035,2.731282,2.768932,
#support,1.254999,0.8645127,-1.036001,0,30.00001,0,tunelzinho2_bar,0.8117867,1.513743,-0.7801127,0,30.00001,0,0.4432125,-0.6492299,-0.255888,2.608677,-1.001922,-0.8039788,-1.353678,1.866435,-0.2320217,-1.353678,2.506435,-1.632021,0.04520702,2.731247,2.776454,
#bar,0.8117867,1.513743,-0.7801127,0,30.00001,0,tunelzinho2_support,1.254999,0.8645127,-1.036001,0,30.00001,0,-0.4432125,0.6492299,0.255888,2.165465,-0.3526922,-0.5480909,-1.353678,1.866435,-0.2320217,-1.353678,2.506435,-1.632021,0.04916859,2.73124,2.780408,
#support (1),0.3685741,0.8645127,-0.5242248,0,30.00001,0,tunelzinho2_bar,0.8117867,1.513743,-0.7801127,0,30.00001,0,-0.4432125,-0.6492299,0.255888,1.722252,-1.001922,-0.2922029,-1.353678,1.866435,-0.2320217,-1.353678,2.506435,-1.632021,0.0538528,2.731247,2.7851,
#bar,0.8117867,1.513743,-0.7801127,0,30.00001,0,tunelzinho2_support (1),0.3685741,0.8645127,-0.5242248,0,30.00001,0,0.4432125,0.6492299,-0.255888,2.165465,-0.3526922,-0.5480909,-1.353678,1.866435,-0.2320217,-1.353678,2.506435,-1.632021,0.05816722,2.731251,2.789418,
#support,1.363999,0.8645127,-0.7220006,0,20,0,tunelzinho3_bar,0.8830853,1.513743,-0.5469642,0,20,0,0.4809141,-0.6492299,-0.1750364,2.717677,-1.001922,-0.4899787,-1.353678,1.866435,-0.2320217,-1.353678,2.506435,-1.632021,0.06197143,2.731223,2.793194,
#bar,0.8830853,1.513743,-0.5469642,0,20,0,tunelzinho3_support,1.363999,0.8645127,-0.7220006,0,20,0,-0.4809141,0.6492299,0.1750364,2.236763,-0.3526922,-0.3149424,-1.353678,1.866435,-0.2320217,-1.353678,2.506435,-1.632021,0.06469727,2.731202,2.795899,
#support (1),0.4021721,0.8645127,-0.3719249,0,20,0,tunelzinho3_bar,0.8830853,1.513743,-0.5469642,0,20,0,-0.4809132,-0.6492299,0.1750393,1.75585,-1.001922,-0.139903,-1.353678,1.866435,-0.2320217,-1.353678,2.506435,-1.632021,0.06686091,2.731223,2.798084,
#bar,0.8830853,1.513743,-0.5469642,0,20,0,tunelzinho3_support (1),0.4021721,0.8645127,-0.3719249,0,20,0,0.4809132,0.6492299,-0.1750393,2.236763,-0.3526922,-0.3149424,-1.353678,1.866435,-0.2320217,-1.353678,2.506435,-1.632021,0.0692904,2.731227,2.800517,
#support,1.413999,0.8645127,-0.3950019,0,10,0,tunelzinho4_bar,0.909996,1.513743,-0.3061328,0,10,0,0.504003,-0.6492299,-0.08886909,2.767677,-1.001922,-0.16298,-1.353678,1.866435,-0.2320217,-1.353678,2.506435,-1.632021,0.07830763,2.731211,2.809519,
#bar,0.909996,1.513743,-0.3061328,0,10,0,tunelzinho4_support,1.413999,0.8645127,-0.3950019,0,10,0,-0.504003,0.6492299,0.08886909,2.263674,-0.3526922,-0.07411099,-1.353678,1.866435,-0.2320217,-1.353678,2.506435,-1.632021,0.08336568,2.731196,2.814561,
#support (1),0.4059944,0.8645127,-0.2172618,0,10,0,tunelzinho4_bar,0.909996,1.513743,-0.3061328,0,10,0,-0.5040016,-0.6492299,0.088871,1.759673,-1.001922,0.01476011,-1.353678,1.866435,-0.2320217,-1.353678,2.506435,-1.632021,0.08673644,2.731211,2.817948,
#bar,0.909996,1.513743,-0.3061328,0,10,0,tunelzinho4_support (1),0.4059944,0.8645127,-0.2172618,0,10,0,0.5040016,0.6492299,-0.088871,2.263674,-0.3526922,-0.07411099,-1.353678,1.866435,-0.2320217,-1.353678,2.506435,-1.632021,0.08923054,2.731215,2.820446,
#support,1.423999,0.8645127,-0.04400206,0,0,0,tunelzinho5_bar,0.9122219,1.513743,-0.04400206,0,0,0,0.5117774,-0.6492299,0,2.777677,-1.001922,0.1880199,-1.353678,1.866435,-0.2320217,-1.353678,2.506435,-1.632021,0.09243107,2.731217,2.823648,
#bar,0.9122219,1.513743,-0.04400206,0,0,0,tunelzinho5_support,1.423999,0.8645127,-0.04400206,0,0,0,-0.5117774,0.6492299,0,2.2659,-0.3526921,0.1880198,-1.353678,1.866435,-0.2320217,-1.353678,2.506435,-1.632021,0.09495807,2.731189,2.826147,
#support (1),0.4004431,0.8645127,-0.0440011,0,0,0,tunelzinho5_bar,0.9122219,1.513743,-0.04400206,0,0,0,-0.5117788,-0.6492299,9.536743E-07,1.754121,-1.001922,0.1880208,-1.353678,1.866435,-0.2320217,-1.353678,2.506435,-1.632021,0.09776831,2.731217,2.828986,
#bar,0.9122219,1.513743,-0.04400206,0,0,0,tunelzinho5_support (1),0.4004431,0.8645127,-0.0440011,0,0,0,0.5117788,0.6492299,-9.536743E-07,2.2659,-0.3526921,0.1880198,-1.353678,1.866435,-0.2320217,-1.353678,2.506435,-1.632021,0.1022105,2.731221,2.833431,
#support,1.425999,0.8645127,0.2909985,0,350,0,tunelzinho6_bar,0.9219971,1.513743,0.2021298,0,350,0,0.5040021,-0.6492299,0.08886862,2.779677,-1.001922,0.5230204,-1.353678,1.866435,-0.2320217,-1.353678,2.506435,-1.632021,0.1051378,2.731204,2.836342,
#bar,0.9219971,1.513743,0.2021298,0,350,0,tunelzinho6_support,1.425999,0.8645127,0.2909985,0,350,0,-0.5040021,0.6492299,-0.08886862,2.275675,-0.3526921,0.4341516,-1.353678,1.866435,-0.2320217,-1.353678,2.506435,-1.632021,0.1082416,2.731182,2.839424,
#support (1),0.4179935,0.8645127,0.1132607,0,350,0,tunelzinho6_bar,0.9219971,1.513743,0.2021298,0,350,0,-0.5040035,-0.6492299,-0.08886909,1.771672,-1.001922,0.3452826,-1.353678,1.866435,-0.2320217,-1.353678,2.506435,-1.632021,0.1135044,2.731204,2.844708,
#bar,0.9219971,1.513743,0.2021298,0,350,0,tunelzinho6_support (1),0.4179935,0.8645127,0.1132607,0,350,0,0.5040035,0.6492299,0.08886909,2.275675,-0.3526921,0.4341516,-1.353678,1.866435,-0.2320217,-1.353678,2.506435,-1.632021,0.1166382,2.731209,2.847847,
#support,1.335999,0.8645127,0.6069989,0,340,0,tunelzinho7_bar,0.8550854,1.513743,0.4319596,0,340,0,0.4809141,-0.6492299,0.1750393,2.689677,-1.001922,0.8390208,-1.353678,1.866435,-0.2320217,-1.353678,2.506435,-1.632021,0.1194918,2.731241,2.850733,
#bar,0.8550854,1.513743,0.4319596,0,340,0,tunelzinho7_support,1.335999,0.8645127,0.6069989,0,340,0,-0.4809141,0.6492299,-0.1750393,2.208763,-0.3526921,0.6639814,-1.353678,1.866435,-0.2320217,-1.353678,2.506435,-1.632021,0.1225598,2.731234,2.853793,
#support (1),0.3741722,0.8645127,0.2569222,0,340,0,tunelzinho7_bar,0.8550854,1.513743,0.4319596,0,340,0,-0.4809132,-0.6492299,-0.1750374,1.72785,-1.001922,0.4889442,-1.353678,1.866435,-0.2320217,-1.353678,2.506435,-1.632021,0.1257234,2.731241,2.856965,
#bar,0.8550854,1.513743,0.4319596,0,340,0,tunelzinho7_support (1),0.3741722,0.8645127,0.2569222,0,340,0,0.4809132,0.6492299,0.1750374,2.208763,-0.3526921,0.6639814,-1.353678,1.866435,-0.2320217,-1.353678,2.506435,-1.632021,0.1286306,2.731245,2.859876,
#support,1.225999,0.8645127,0.9209991,0,330,0,tunelzinho8_bar,0.7827864,1.513743,0.6651092,0,330,0,0.4432125,-0.6492299,0.2558899,2.579677,-1.001922,1.153021,-1.353678,1.866435,-0.2320217,-1.353678,2.506435,-1.632021,0.1315536,2.73126,2.862813,
#bar,0.7827864,1.513743,0.6651092,0,330,0,tunelzinho8_support,1.225999,0.8645127,0.9209991,0,330,0,-0.4432125,0.6492299,-0.2558899,2.136464,-0.352692,0.897131,-1.353678,1.866435,-0.2320217,-1.353678,2.506435,-1.632021,0.1341605,2.731258,2.865418,
#support (1),0.3395739,0.8645127,0.4092212,0,330,0,tunelzinho8_bar,0.7827864,1.513743,0.6651092,0,330,0,-0.4432125,-0.6492299,-0.255888,1.693252,-1.001922,0.6412431,-1.353678,1.866435,-0.2320217,-1.353678,2.506435,-1.632021,0.1367071,2.73126,2.867967,
#bar,0.7827864,1.513743,0.6651092,0,330,0,tunelzinho8_support (1),0.3395739,0.8645127,0.4092212,0,330,0,0.4432125,0.6492299,0.255888,2.136464,-0.352692,0.897131,-1.353678,1.866435,-0.2320217,-1.353678,2.506435,-1.632021,0.1394775,2.731264,2.870741,
#support,1.059999,0.8645127,1.193998,0,320,0,tunelzinho9_bar,0.6679544,1.513743,0.8650336,0,320,0,0.3920441,-0.6492299,0.3289642,2.413677,-1.001922,1.42602,-1.353678,1.866435,-0.2320217,-1.353678,2.506435,-1.632021,0.142447,2.731285,2.873732,
#bar,0.6679544,1.513743,0.8650336,0,320,0,tunelzinho9_support,1.059999,0.8645127,1.193998,0,320,0,-0.3920441,0.6492299,-0.3289642,2.021632,-0.352692,1.097055,-1.353678,1.866435,-0.2320217,-1.353678,2.506435,-1.632021,0.1476793,2.731276,2.878956,
#support (1),0.2759094,0.8645127,0.5360703,0,320,0,tunelzinho9_bar,0.6679544,1.513743,0.8650336,0,320,0,-0.392045,-0.6492299,-0.3289633,1.629588,-1.001922,0.7680923,-1.353678,1.866435,-0.2320217,-1.353678,2.506435,-1.632021,0.1508029,2.731285,2.882088,
#bar,0.6679544,1.513743,0.8650336,0,320,0,tunelzinho9_support (1),0.2759094,0.8645127,0.5360703,0,320,0,0.392045,0.6492299,0.3289633,2.021632,-0.352692,1.097055,-1.353678,1.866435,-0.2320217,-1.353678,2.506435,-1.632021,0.1542549,2.731289,2.885544,
#support,-0.2830019,0.8645127,0.3989997,0,30.00001,0,tunelzinho11_bar,-0.7262144,1.513743,0.6548877,0,30.00001,0,0.4432125,-0.6492299,-0.255888,1.070676,-1.001922,0.6310216,-1.353678,1.866435,-0.2320217,-1.353678,2.506435,-1.632021,0.1574829,2.731338,2.888821,
#bar,-0.7262144,1.513743,0.6548877,0,30.00001,0,tunelzinho11_support,-0.2830019,0.8645127,0.3989997,0,30.00001,0,-0.4432125,0.6492299,0.255888,0.6274637,-0.352692,0.8869095,-1.353678,1.866435,-0.2320217,-1.353678,2.506435,-1.632021,0.1600728,2.731336,2.891409,
#support (1),-1.169427,0.8645127,0.9107757,0,30.00001,0,tunelzinho11_bar,-0.7262144,1.513743,0.6548877,0,30.00001,0,-0.4432125,-0.6492299,0.255888,0.1842512,-1.001922,1.142798,-1.353678,1.866435,-0.2320217,-1.353678,2.506435,-1.632021,0.1636908,2.731338,2.895029,
#bar,-0.7262144,1.513743,0.6548877,0,30.00001,0,tunelzinho11_support (1),-1.169427,0.8645127,0.9107757,0,30.00001,0,0.4432125,0.6492299,-0.255888,0.6274637,-0.352692,0.8869095,-1.353678,1.866435,-0.2320217,-1.353678,2.506435,-1.632021,0.1663125,2.731342,2.897654,
#support,-0.1960011,0.8645127,0.5309987,0,40,0,tunelzinho10_bar,-0.5880461,1.513743,0.859962,0,40,0,0.392045,-0.6492299,-0.3289633,1.157677,-1.001922,0.7630206,-1.353678,1.866435,-0.2320217,-1.353678,2.506435,-1.632021,0.1695459,2.73131,2.900856,
#bar,-0.5880461,1.513743,0.859962,0,40,0,tunelzinho10_support,-0.1960011,0.8645127,0.5309987,0,40,0,-0.392045,0.6492299,0.3289633,0.765632,-0.352692,1.091984,-1.353678,1.866435,-0.2320217,-1.353678,2.506435,-1.632021,0.1722925,2.731308,2.9036,
#support (1),-0.9800901,0.8645127,1.188928,0,40,0,tunelzinho10_bar,-0.5880461,1.513743,0.859962,0,40,0,-0.3920441,-0.6492299,0.3289661,0.373588,-1.001922,1.42095,-1.353678,1.866435,-0.2320217,-1.353678,2.506435,-1.632021,0.1784749,2.73131,2.909785,
#bar,-0.5880461,1.513743,0.859962,0,40,0,tunelzinho10_support (1),-0.9800901,0.8645127,1.188928,0,40,0,0.3920441,0.6492299,-0.3289661,0.765632,-0.352692,1.091984,-1.353678,1.866435,-0.2320217,-1.353678,2.506435,-1.632021,0.1819756,2.731314,2.913289,
#support,-0.3270006,0.8645127,0.2779975,0,20,0,tunelzinho12_bar,-0.8079157,1.513743,0.4530368,0,20,0,0.4809151,-0.6492299,-0.1750393,1.026677,-1.001922,0.5100194,-1.353678,1.866435,-0.2320217,-1.353678,2.506435,-1.632021,0.1853302,2.731361,2.916692,
#bar,-0.8079157,1.513743,0.4530368,0,20,0,tunelzinho12_support,-0.3270006,0.8645127,0.2779975,0,20,0,-0.4809151,0.6492299,0.1750393,0.5457624,-0.3526921,0.6850586,-1.353678,1.866435,-0.2320217,-1.353678,2.506435,-1.632021,0.1882734,2.731359,2.919633,
#support (1),-1.288829,0.8645127,0.6280742,0,20,0,tunelzinho12_bar,-0.8079157,1.513743,0.4530368,0,20,0,-0.4809132,-0.6492299,0.1750374,0.06484926,-1.001922,0.8600961,-1.353678,1.866435,-0.2320217,-1.353678,2.506435,-1.632021,0.1918528,2.731361,2.923214,
#bar,-0.8079157,1.513743,0.4530368,0,20,0,tunelzinho12_support (1),-1.288829,0.8645127,0.6280742,0,20,0,0.4809132,0.6492299,-0.1750374,0.5457624,-0.3526921,0.6850586,-1.353678,1.866435,-0.2320217,-1.353678,2.506435,-1.632021,0.196121,2.731366,2.927487,
#support,-0.3290014,0.8645127,0.1089988,0,10,0,tunelzinho13_bar,-0.833004,1.513743,0.1978688,0,10,0,0.5040026,-0.6492299,-0.08887005,1.024677,-1.001922,0.3410207,-1.353678,1.866435,-0.2320217,-1.353678,2.506435,-1.632021,0.1989329,2.731387,2.93032,
#bar,-0.833004,1.513743,0.1978688,0,10,0,tunelzinho13_support,-0.3290014,0.8645127,0.1089988,0,10,0,-0.5040026,0.6492299,0.08887005,0.5206741,-0.3526921,0.4298906,-1.353678,1.866435,-0.2320217,-1.353678,2.506435,-1.632021,0.2018542,2.731372,2.933226,
#support (1),-1.337007,0.8645127,0.286737,0,10,0,tunelzinho13_bar,-0.833004,1.513743,0.1978688,0,10,0,-0.5040026,-0.6492299,0.08886814,0.01667155,-1.001922,0.5187589,-1.353678,1.866435,-0.2320217,-1.353678,2.506435,-1.632021,0.2229016,2.731387,2.954288,
#bar,-0.833004,1.513743,0.1978688,0,10,0,tunelzinho13_support (1),-1.337007,0.8645127,0.286737,0,10,0,0.5040026,0.6492299,-0.08886814,0.5206741,-0.3526921,0.4298906,-1.353678,1.866435,-0.2320217,-1.353678,2.506435,-1.632021,0.2259908,2.731391,2.957382,
#support,-0.3450012,0.8645127,-0.08000135,0,0,0,tunelzinho14_bar,-0.8567791,1.513743,-0.08000326,0,0,0,0.5117779,-0.6492299,1.907349E-06,1.008677,-1.001922,0.1520206,-1.353678,1.866435,-0.2320217,-1.353678,2.506435,-1.632021,0.2287781,2.731381,2.960159,
#bar,-0.8567791,1.513743,-0.08000326,0,0,0,tunelzinho14_support,-0.3450012,0.8645127,-0.08000135,0,0,0,-0.5117779,0.6492299,-1.907349E-06,0.496899,-0.3526921,0.1520185,-1.353678,1.866435,-0.2320217,-1.353678,2.506435,-1.632021,0.2317019,2.731385,2.963087,
#support (1),-1.368556,0.8645127,-0.08000231,0,0,0,tunelzinho14_bar,-0.8567791,1.513743,-0.08000326,0,0,0,-0.5117769,-0.6492299,9.536743E-07,-0.01487791,-1.001922,0.1520196,-1.353678,1.866435,-0.2320217,-1.353678,2.506435,-1.632021,0.2355201,2.731381,2.966901,
#bar,-0.8567791,1.513743,-0.08000326,0,0,0,tunelzinho14_support (1),-1.368556,0.8645127,-0.08000231,0,0,0,0.5117769,0.6492299,-9.536743E-07,0.496899,-0.3526921,0.1520185,-1.353678,1.866435,-0.2320217,-1.353678,2.506435,-1.632021,0.2390063,2.731172,2.970178,
#support,-0.3340015,0.8645127,-0.2470031,0,350,0,tunelzinho15_bar,-0.8380041,1.513743,-0.3358712,0,350,0,0.5040026,-0.6492299,0.08886814,1.019677,-1.001922,-0.01498117,-1.353678,1.866435,-0.2320217,-1.353678,2.506435,-1.632021,0.2420926,2.731393,2.973486,
#bar,-0.8380041,1.513743,-0.3358712,0,350,0,tunelzinho15_support,-0.3340015,0.8645127,-0.2470031,0,350,0,-0.5040026,0.6492299,-0.08886814,0.515674,-0.3526922,-0.1038494,-1.353678,1.866435,-0.2320217,-1.353678,2.506435,-1.632021,0.247659,2.731378,2.979037,
#support (1),-1.342008,0.8645127,-0.4247403,0,350,0,tunelzinho15_bar,-0.8380041,1.513743,-0.3358712,0,350,0,-0.5040035,-0.6492299,-0.08886909,0.01167048,-1.001922,-0.1927184,-1.353678,1.866435,-0.2320217,-1.353678,2.506435,-1.632021,0.2523413,2.731393,2.983734,
#bar,-0.8380041,1.513743,-0.3358712,0,350,0,tunelzinho15_support (1),-1.342008,0.8645127,-0.4247403,0,350,0,0.5040035,0.6492299,0.08886909,0.515674,-0.3526922,-0.1038494,-1.353678,1.866435,-0.2320217,-1.353678,2.506435,-1.632021,0.2552922,2.731397,2.986689,
#support,-0.2700014,0.8645127,-0.4180017,0,340,0,tunelzinho16_bar,-0.7509155,1.513743,-0.59304,0,340,0,0.4809141,-0.6492299,0.1750383,1.083677,-1.001922,-0.1859797,-1.353678,1.866435,-0.2320217,-1.353678,2.506435,-1.632021,0.2588868,2.731349,2.990236,
#bar,-0.7509155,1.513743,-0.59304,0,340,0,tunelzinho16_support,-0.2700014,0.8645127,-0.4180017,0,340,0,-0.4809141,0.6492299,-0.1750383,0.6027626,-0.3526922,-0.3610182,-1.353678,1.866435,-0.2320217,-1.353678,2.506435,-1.632021,0.2619698,2.731347,2.993317,
#support (1),-1.231829,0.8645127,-0.7680793,0,340,0,tunelzinho16_bar,-0.7509155,1.513743,-0.59304,0,340,0,-0.4809132,-0.6492299,-0.1750393,0.1218494,-1.001922,-0.5360574,-1.353678,1.866435,-0.2320217,-1.353678,2.506435,-1.632021,0.2652121,2.731349,2.996561,
#bar,-0.7509155,1.513743,-0.59304,0,340,0,tunelzinho16_support (1),-1.231829,0.8645127,-0.7680793,0,340,0,0.4809132,0.6492299,0.1750393,0.6027626,-0.3526922,-0.3610182,-1.353678,1.866435,-0.2320217,-1.353678,2.506435,-1.632021,0.2682326,2.731353,2.999585,
#support,-0.2090015,0.8645127,-0.5830016,0,330,0,tunelzinho17_bar,-0.6522141,1.513743,-0.8388915,0,330,0,0.4432125,-0.6492299,0.2558899,1.144677,-1.001922,-0.3509797,-1.353678,1.866435,-0.2320217,-1.353678,2.506435,-1.632021,0.2717555,2.731326,3.003081,
#bar,-0.6522141,1.513743,-0.8388915,0,330,0,tunelzinho17_support,-0.2090015,0.8645127,-0.5830016,0,330,0,-0.4432125,0.6492299,-0.2558899,0.7014641,-0.3526922,-0.6068697,-1.353678,1.866435,-0.2320217,-1.353678,2.506435,-1.632021,0.2759175,2.731323,3.007241,
#support (1),-1.095427,0.8645127,-1.094779,0,330,0,tunelzinho17_bar,-0.6522141,1.513743,-0.8388915,0,330,0,-0.4432125,-0.6492299,-0.255888,0.2582515,-1.001922,-0.8627576,-1.353678,1.866435,-0.2320217,-1.353678,2.506435,-1.632021,0.2808964,2.731326,3.012222,
#bar,-0.6522141,1.513743,-0.8388915,0,330,0,tunelzinho17_support (1),-1.095427,0.8645127,-1.094779,0,330,0,0.4432125,0.6492299,0.255888,0.7014641,-0.3526922,-0.6068697,-1.353678,1.866435,-0.2320217,-1.353678,2.506435,-1.632021,0.2843456,2.731329,3.015675,
#support,-0.144001,0.8645127,-0.7030025,0,320,0,tunelzinho18_bar,-0.536046,1.513743,-1.031966,0,320,0,0.392045,-0.6492299,0.3289633,1.209677,-1.001922,-0.4709806,-1.353678,1.866435,-0.2320217,-1.353678,2.506435,-1.632021,0.2878115,2.731298,3.019109,
#bar,-0.536046,1.513743,-1.031966,0,320,0,tunelzinho18_support,-0.144001,0.8645127,-0.7030025,0,320,0,-0.392045,0.6492299,-0.3289633,0.8176321,-0.3526923,-0.7999439,-1.353678,1.866435,-0.2320217,-1.353678,2.506435,-1.632021,0.2914221,2.731296,3.022718,
#support (1),-0.9280901,0.8645127,-1.36093,0,320,0,tunelzinho18_bar,-0.536046,1.513743,-1.031966,0,320,0,-0.3920441,-0.6492299,-0.3289642,0.425588,-1.001922,-1.128908,-1.353678,1.866435,-0.2320217,-1.353678,2.506435,-1.632021,0.2950461,2.731298,3.026344,
#bar,-0.536046,1.513743,-1.031966,0,320,0,tunelzinho18_support (1),-0.9280901,0.8645127,-1.36093,0,320,0,0.3920441,0.6492299,0.3289642,0.8176321,-0.3526923,-0.7999439,-1.353678,1.866435,-0.2320217,-1.353678,2.506435,-1.632021,0.2981331,2.731302,3.029435,
