#LeftUpLegSphere,0.02670391,0.9210613,1.192793,0,1.714564,0,task1Objects_barril4,-0.05135536,0.2245206,1.028092,0,270,0,0.07805927,0.6965407,0.1647009,-0.07333788,-0.6463733,0.0244955,0.09927604,1.567435,1.166114,0.09927604,2.207434,-0.333886,0.7942448,20.89703,21.69127,
#LeftLegSphere,0.02670389,0.5050613,1.192793,0,1.714564,0,task1Objects_barril4,-0.05135536,0.2245206,1.028092,0,270,0,0.07805926,0.2805406,0.1647009,-0.0733379,-1.062373,0.0244955,0.09927604,1.567435,1.166114,0.09927604,2.207434,-0.333886,0.7987976,20.89703,21.69583,
#LeftUpLegCube,0.02370526,0.7090614,1.212883,0,1.714564,0,task1Objects_barril4,-0.05135536,0.2245206,1.028092,0,270,0,0.07506062,0.4845408,0.1847906,-0.07633787,-0.8583732,0.0244955,0.09927604,1.567435,1.186114,0.09927604,2.207434,-0.233886,0.9515457,20.89703,21.84858,
#LeftLegCube,0.02091924,0.2997614,1.206654,0,1.714564,0,task1Objects_barril4,-0.05135536,0.2245206,1.028092,0,270,0,0.0722746,0.07524079,0.1785625,-0.07833789,-1.267673,-0.001804183,0.09927604,1.567435,1.206114,0.09927604,2.207434,-0.213886,1.004068,20.89703,21.9011,
#spineCube,0.09970291,1.202057,1.270374,0,1.714564,0,task1Objects_barril4,-0.05135536,0.2245206,1.028092,0,270,0,0.1510583,0.9775365,0.2422824,3.72529E-09,-0.3653774,0.01426683,0.09927604,1.567435,1.256114,0.09927604,2.207434,-0.1738861,1.086357,20.89703,21.98339,
#LeftUpLegSphere,0.01670391,0.9210613,0.9227927,0,1.714564,0,task1Objects_barril4,-0.05135536,0.2245206,1.028092,0,270,0,0.06805927,0.6965407,-0.1052992,-0.07333788,-0.6463733,0.0244955,0.08927605,1.567435,0.8961139,0.08927604,2.207434,-0.4838861,0.2265129,32.09721,32.32372,
#LeftLegSphere,0.0167039,0.5050613,0.8527927,0,1.714564,0,task1Objects_barril4,-0.05135536,0.2245206,1.028092,0,270,0,0.06805926,0.2805406,-0.1752992,-0.0733379,-1.062373,0.02449544,0.08927605,1.567435,0.8261139,0.08927604,2.207434,-0.503886,0.2487259,32.09721,32.34594,
#LeftLegCube,0.01091924,0.2997614,0.8266544,0,1.714564,0,task1Objects_barril4,-0.05135536,0.2245206,1.028092,0,270,0,0.06227461,0.07524079,-0.2014375,-0.07833789,-1.267673,-0.001804183,0.08927605,1.567435,0.8261139,0.08927604,2.207434,-0.503886,0.2511139,32.09721,32.34832,
#LeftUpLegCube,0.01370526,0.7090614,0.8028825,0,1.714564,0,task1Objects_barril4,-0.05135536,0.2245206,1.028092,0,270,0,0.06506062,0.4845408,-0.2252094,-0.07633787,-0.8583732,0.0244955,0.08927605,1.567435,0.7761139,0.08927604,2.207434,-0.573886,0.4015198,32.09721,32.49873,
#spineCube,0.0897029,1.202057,0.7903743,0,1.714564,0,task1Objects_barril4,-0.05135536,0.2245206,1.028092,0,270,0,0.1410583,0.9775365,-0.2377176,-3.72529E-09,-0.3653774,0.01426683,0.08927605,1.567435,0.7761139,0.08927604,2.207434,-0.573886,0.410141,32.09721,32.50735,
#RightUpLegSphere,0.73231,0.9210613,0.4981348,0,1.714564,0,task1Objects_barril3,0.8486443,0.2245206,0.4520917,0,270,0,-0.1163343,0.6965407,0.04604313,0.08233789,-0.6463733,0.02449547,0.6492761,1.567435,0.4761139,0.6692761,2.207434,-0.9238861,1.634968,36.07867,37.71364,
#RightLegSphere,0.67231,0.5050613,0.4981348,0,1.714564,0,task1Objects_barril3,0.8486443,0.2245206,0.4520917,0,270,0,-0.1763343,0.2805406,0.04604313,0.08233789,-1.062373,0.02449547,0.5892761,1.567435,0.4761139,0.6492761,2.207434,-0.9238861,1.657181,36.07867,37.73585,
#RightLegCube,0.6715231,0.2997614,0.4718469,0,1.714564,0,task1Objects_barril3,0.8486443,0.2245206,0.4520917,0,270,0,-0.1771212,0.07524079,0.01975524,0.08233789,-1.267673,-0.001804183,0.5892761,1.567435,0.4761139,0.6492761,2.207434,-0.9238861,1.666626,36.07867,37.7453,
#RightUpLegCube,0.67231,0.7090613,0.4981348,0,1.714564,0,task1Objects_barril3,0.8486443,0.2245206,0.4520917,0,270,0,-0.1763343,0.4845407,0.04604313,0.08233789,-0.8583733,0.02449547,0.5892761,1.567435,0.4761139,0.6492761,2.207434,-0.9238861,1.670757,36.07867,37.74943,
#spineCube,0.5897029,1.202057,0.4903743,0,1.714564,0,task1Objects_barril3,0.8486443,0.2245206,0.4520917,0,270,0,-0.2589414,0.9775365,0.03828263,-1.862645E-08,-0.3653774,0.01426683,0.5892761,1.567435,0.4761139,0.6492761,2.207434,-0.9238861,1.678741,36.07867,37.75741,
#RightUpLegSphere,0.97231,0.9210613,0.4981348,0,1.714564,0,task1Objects_barril3,0.8486443,0.2245206,0.4520917,0,270,0,0.1236658,0.6965407,0.04604313,0.08233789,-0.6463733,0.02449547,0.8892761,1.567435,0.4761139,0.8592761,2.207434,-0.9238861,0.03865814,40.76077,40.79943,
#RightLegSphere,1.09231,0.5050613,0.4881348,0,1.714564,0,task1Objects_barril3,0.8486443,0.2245206,0.4520917,0,270,0,0.2436657,0.2805406,0.03604314,0.08233789,-1.062373,0.02449547,1.009276,1.567435,0.4661139,0.8892761,2.207434,-0.9238861,0.2246628,40.76077,40.98544,
#RightUpLegCube,1.09231,0.7090613,0.4881348,0,1.714564,0,task1Objects_barril3,0.8486443,0.2245206,0.4520917,0,270,0,0.2436657,0.4845407,0.03604314,0.08233789,-0.8583733,0.02449547,1.009276,1.567435,0.4661139,0.8892761,2.207434,-0.9238861,0.2322922,40.76077,40.99306,
#RightLegCube,1.091523,0.2997614,0.4618469,0,1.714564,0,task1Objects_barril3,0.8486443,0.2245206,0.4520917,0,270,0,0.2428788,0.07524079,0.009755254,0.08233789,-1.267673,-0.001804183,1.009276,1.567435,0.4661139,0.8892761,2.207434,-0.9238861,0.2369232,40.76077,40.9977,
#LeftUpLegSphere,0.9667038,0.9210613,0.4927927,0,1.714564,0,task1Objects_barril3,0.8486443,0.2245206,0.4520917,0,270,0,0.1180596,0.6965407,0.040701,-0.0733379,-0.6463733,0.02449547,1.039276,1.567435,0.4661139,1.009276,2.207434,-0.9338861,0.2613983,40.76077,41.02217,
#LeftLegSphere,1.036704,0.5050613,0.4927927,0,1.714564,0,task1Objects_barril3,0.8486443,0.2245206,0.4520917,0,270,0,0.1880597,0.2805406,0.040701,-0.07333784,-1.062373,0.02449547,1.109276,1.567435,0.4661139,1.039276,2.207434,-0.9338861,0.3546219,40.76077,41.11539,
#LeftUpLegCube,1.033705,0.7090614,0.4928825,0,1.714564,0,task1Objects_barril3,0.8486443,0.2245206,0.4520917,0,270,0,0.185061,0.4845408,0.04079077,-0.07633789,-0.8583732,0.02449547,1.109276,1.567435,0.4661139,1.039276,2.207434,-0.9338861,0.3578835,40.76077,41.11866,
#LeftLegCube,1.030919,0.2997614,0.4666544,0,1.714564,0,task1Objects_barril3,0.8486443,0.2245206,0.4520917,0,270,0,0.1822749,0.07524079,0.01456273,-0.07833794,-1.267673,-0.001804187,1.109276,1.567435,0.4661139,1.039276,2.207434,-0.9338861,0.367672,40.76077,41.12844,
#spineCube,1.109703,1.202057,0.4803743,0,1.714564,0,task1Objects_barril3,0.8486443,0.2245206,0.4520917,0,270,0,0.2610587,0.9775365,0.02828264,4.097819E-08,-0.3653774,0.01426683,1.109276,1.567435,0.4661139,1.039276,2.207434,-0.9338861,0.3703461,40.76077,41.13112,
#LeftLegSphere,0.6567039,0.5050613,0.5027927,0,1.714564,0,task1Objects_barril3,0.8486443,0.2245206,0.4520917,0,270,0,-0.1919404,0.2805406,0.05070096,-0.0733379,-1.062373,0.02449544,0.7292761,1.567435,0.4761139,1.009276,2.207434,-0.9338861,0.05663681,42.52288,42.57951,
#LeftUpLegSphere,0.6567039,0.9210613,0.5027927,0,1.714564,0,task1Objects_barril3,0.8486443,0.2245206,0.4520917,0,270,0,-0.1919404,0.6965407,0.05070102,-0.0733379,-0.6463733,0.0244955,0.7292761,1.567435,0.4761139,1.009276,2.207434,-0.9338861,0.06070328,42.52288,42.58358,
#LeftLegCube,0.6509193,0.2997614,0.4766544,0,1.714564,0,task1Objects_barril3,0.8486443,0.2245206,0.4520917,0,270,0,-0.197725,0.07524079,0.02456272,-0.07833788,-1.267673,-0.00180418,0.7292761,1.567435,0.4761139,1.009276,2.207434,-0.9338861,0.0777626,42.52288,42.60064,
#LeftUpLegCube,0.6537052,0.7090614,0.5028825,0,1.714564,0,task1Objects_barril3,0.8486443,0.2245206,0.4520917,0,270,0,-0.194939,0.4845408,0.05079079,-0.0763379,-0.8583732,0.0244955,0.7292761,1.567435,0.4761139,1.009276,2.207434,-0.9338861,0.08639145,42.52288,42.60927,
#RightUpLegSphere,0.71231,0.9210613,0.4981348,0,1.714564,0,task1Objects_barril3,0.8486443,0.2245206,0.4520917,0,270,0,-0.1363343,0.6965407,0.04604313,0.08233789,-0.6463733,0.02449547,0.629276,1.567435,0.4761139,0.7292761,2.207434,-0.9238861,0.03079605,42.61216,42.64295,
#RightLegSphere,0.71231,0.5050613,0.4981348,0,1.714564,0,task1Objects_barril3,0.8486443,0.2245206,0.4520917,0,270,0,-0.1363343,0.2805406,0.04604313,0.08233789,-1.062373,0.02449547,0.629276,1.567435,0.4761139,0.7292761,2.207434,-0.9238861,0.03386688,42.61216,42.64602,
#RightLegCube,0.5715231,0.2997614,0.4818469,0,1.714564,0,task1Objects_barril3,0.8486443,0.2245206,0.4520917,0,270,0,-0.2771212,0.07524079,0.02975523,0.08233789,-1.267673,-0.001804183,0.489276,1.567435,0.4861139,0.629276,2.207434,-0.9238861,0.06697083,42.61216,42.67913,
#RightUpLegCube,0.57231,0.7090613,0.5081348,0,1.714564,0,task1Objects_barril3,0.8486443,0.2245206,0.4520917,0,270,0,-0.2763343,0.4845407,0.05604315,0.08233789,-0.8583733,0.0244955,0.489276,1.567435,0.4861139,0.629276,2.207434,-0.9238861,0.06994247,42.61216,42.6821,
#spineCube,0.4897029,1.202057,0.5003743,0,1.714564,0,task1Objects_barril3,0.8486443,0.2245206,0.4520917,0,270,0,-0.3589413,0.9775365,0.04828262,1.117587E-08,-0.3653774,0.01426683,0.489276,1.567435,0.4861139,0.629276,2.207434,-0.9238861,0.07301712,42.61216,42.68517,
#LeftUpLegSphere,-0.9132961,0.9210613,0.5527927,0,1.714564,0,task1Objects_barril5,-0.8253555,0.2245206,0.4520917,0,270,0,-0.08794057,0.6965407,0.100701,-0.0733379,-0.6463733,0.0244955,-0.8407239,1.567435,0.5261139,-0.810724,2.207434,-0.873886,1.525879E-05,43.84886,43.84887,
#LeftLegSphere,-0.9532961,0.5050613,0.5527927,0,1.714564,0,task1Objects_barril5,-0.8253555,0.2245206,0.4520917,0,270,0,-0.1279406,0.2805406,0.100701,-0.0733379,-1.062373,0.02449544,-0.880724,1.567435,0.5261139,-0.8407239,2.207434,-0.873886,0.03983688,43.84886,43.88869,
#LeftLegCube,-1.019081,0.2997614,0.5266544,0,1.714564,0,task1Objects_barril5,-0.8253555,0.2245206,0.4520917,0,270,0,-0.1937252,0.07524079,0.07456273,-0.07833788,-1.267673,-0.00180418,-0.940724,1.567435,0.5261139,-0.880724,2.207434,-0.873886,0.0906601,43.84886,43.93952,
#LeftUpLegCube,-1.016295,0.7090614,0.5528825,0,1.714564,0,task1Objects_barril5,-0.8253555,0.2245206,0.4520917,0,270,0,-0.1909392,0.4845408,0.1007908,-0.07633784,-0.8583732,0.0244955,-0.940724,1.567435,0.5261139,-0.880724,2.207434,-0.873886,0.1287994,43.84886,43.97766,
#RightUpLegSphere,-0.93769,0.9210613,0.5481349,0,1.714564,0,task1Objects_barril5,-0.8253555,0.2245206,0.4520917,0,270,0,-0.1123345,0.6965407,0.09604317,0.08233789,-0.6463733,0.0244955,-1.020724,1.567435,0.5261139,-0.9607239,2.207434,-0.873886,0.2343559,43.84886,44.08321,
#RightLegSphere,-0.93769,0.5050613,0.5481348,0,1.714564,0,task1Objects_barril5,-0.8253555,0.2245206,0.4520917,0,270,0,-0.1123345,0.2805406,0.09604311,0.08233789,-1.062373,0.02449545,-1.020724,1.567435,0.5261139,-0.9607239,2.207434,-0.873886,0.2436829,43.84886,44.09254,
#RightLegCube,-1.008477,0.2997614,0.521847,0,1.714564,0,task1Objects_barril5,-0.8253555,0.2245206,0.4520917,0,270,0,-0.1831214,0.07524079,0.06975526,0.08233789,-1.267673,-0.001804183,-1.090724,1.567435,0.5261139,-1.020724,2.207434,-0.873886,0.2767792,43.84886,44.12564,
#RightUpLegCube,-1.00769,0.7090613,0.5481349,0,1.714564,0,task1Objects_barril5,-0.8253555,0.2245206,0.4520917,0,270,0,-0.1823345,0.4845407,0.09604317,0.08233789,-0.8583733,0.0244955,-1.090724,1.567435,0.5261139,-1.020724,2.207434,-0.873886,0.2801552,43.84886,44.12901,
#spineCube,-1.090297,1.202057,0.5403743,0,1.714564,0,task1Objects_barril5,-0.8253555,0.2245206,0.4520917,0,270,0,-0.2649416,0.9775365,0.08828264,4.097819E-08,-0.3653774,0.01426683,-1.090724,1.567435,0.5261139,-1.020724,2.207434,-0.873886,0.284214,43.84886,44.13307,
#RightUpLegSphere,-0.70769,0.9210613,0.5481349,0,1.714564,0,task1Objects_barril5,-0.8253555,0.2245206,0.4520917,0,270,0,0.1176655,0.6965407,0.09604317,0.08233789,-0.6463733,0.0244955,-0.7907239,1.567435,0.5261139,-0.8907239,2.207434,-0.873886,0.01950836,46.22529,46.2448,
#RightLegSphere,-0.70769,0.5050613,0.5481348,0,1.714564,0,task1Objects_barril5,-0.8253555,0.2245206,0.4520917,0,270,0,0.1176655,0.2805406,0.09604311,0.08233789,-1.062373,0.02449545,-0.7907239,1.567435,0.5261139,-0.8907239,2.207434,-0.873886,0.02203369,46.22529,46.24732,
#RightUpLegCube,-0.63769,0.7090613,0.5381349,0,1.714564,0,task1Objects_barril5,-0.8253555,0.2245206,0.4520917,0,270,0,0.1876655,0.4845407,0.08604318,0.08233789,-0.8583733,0.0244955,-0.7207239,1.567435,0.5161139,-0.7907239,2.207434,-0.873886,0.02754974,46.24966,46.27721,
#RightLegCube,-0.6384769,0.2997614,0.511847,0,1.714564,0,task1Objects_barril5,-0.8253555,0.2245206,0.4520917,0,270,0,0.1868786,0.07524079,0.05975527,0.08233789,-1.267673,-0.001804183,-0.7207239,1.567435,0.5161139,-0.7907239,2.207434,-0.873886,0.03035355,46.24966,46.28002,
#LeftUpLegSphere,-0.7332961,0.9210613,0.5427927,0,1.714564,0,task1Objects_barril5,-0.8253555,0.2245206,0.4520917,0,270,0,0.09205943,0.6965407,0.09070104,-0.0733379,-0.6463733,0.0244955,-0.6607239,1.567435,0.5161139,-0.7207239,2.207434,-0.883886,0.05093384,46.24966,46.3006,
#LeftLegSphere,-0.6632961,0.5050613,0.5427927,0,1.714564,0,task1Objects_barril5,-0.8253555,0.2245206,0.4520917,0,270,0,0.1620594,0.2805406,0.09070098,-0.0733379,-1.062373,0.02449544,-0.5907239,1.567435,0.5161139,-0.6607239,2.207434,-0.883886,0.070858,46.24966,46.32052,
#LeftUpLegCube,-0.6662948,0.7090614,0.5428825,0,1.714564,0,task1Objects_barril5,-0.8253555,0.2245206,0.4520917,0,270,0,0.1590608,0.4845408,0.09079081,-0.0763379,-0.8583732,0.0244955,-0.5907239,1.567435,0.5161139,-0.6607239,2.207434,-0.883886,0.07572937,46.24966,46.32539,
#LeftLegCube,-0.6690807,0.2997614,0.5166544,0,1.714564,0,task1Objects_barril5,-0.8253555,0.2245206,0.4520917,0,270,0,0.1562748,0.07524079,0.06456274,-0.07833788,-1.267673,-0.00180418,-0.5907239,1.567435,0.5161139,-0.6607239,2.207434,-0.883886,0.07823181,46.24966,46.3279,
#spineCube,-0.5602971,1.202057,0.5303743,0,1.714564,0,task1Objects_barril5,-0.8253555,0.2245206,0.4520917,0,270,0,0.2650584,0.9775365,0.07828265,-1.862645E-08,-0.3653774,0.01426683,-0.560724,1.567435,0.5161139,-0.5907239,2.207434,-0.883886,0.09627151,46.24966,46.34594,
#spineCube,0.4297029,1.202057,-1.299626,0,1.714564,0,task1Objects_barril1,0.7406445,0.2245206,-1.149908,0,270,0,-0.3109415,0.9775365,-0.149718,1.117587E-08,-0.3653774,0.01426683,0.429276,1.567435,-1.313886,0.499276,2.207434,-2.713886,1.558235,53.39143,54.94967,
#LeftLegCube,-0.4490808,0.2997614,-0.1733456,0,1.714564,0,obstacle4_bar,-0.8771935,0.240933,-0.7894874,0,135,0,0.4281127,0.05882844,0.6161418,-0.07833791,-1.267673,-0.001804183,-0.370724,1.567435,-0.1738861,-0.370724,2.207434,-1.643886,0.1598625,58.75021,58.91007,
#RightLegCube,-0.2884769,0.2997614,-0.1781531,0,1.714564,0,obstacle4_support,-0.356061,0.1887213,-0.2683549,0,135,0,0.06758407,0.1110401,0.09020184,0.08233789,-1.267673,-0.001804168,-0.370724,1.567435,-0.1738861,-0.370724,2.207434,-1.643886,0.01924133,58.89215,58.91139,
#RightLegCube,-0.2684769,0.2997614,0.4018469,0,1.714564,0,prop_fan_prop_fan_005,-0.03201675,0.1740001,-0.02502584,0,0,0,-0.2364602,0.1257614,0.4268728,0.08233789,-1.267673,-0.001804183,-0.350724,1.567435,0.4061139,-0.350724,2.207434,-1.073886,1.540703,58.89297,60.43367,
#RightFootSphere,-0.267699,0.09676134,0.4278353,0,1.714564,0,obstacle3_support,-0.2865696,0.1887213,0.2844853,0,225,0,0.01887059,-0.09195996,0.14335,0.08233789,-1.470673,0.02419586,-0.350724,1.567435,0.4061139,-0.350724,2.207434,-1.073886,1.147507,59.29674,60.44424,
#RightLegCube,-0.2684769,0.2997614,0.4018469,0,1.714564,0,obstacle3_support,-0.2865696,0.1887213,0.2844853,0,225,0,0.01809266,0.1110401,0.1173616,0.08233789,-1.267673,-0.001804183,-0.350724,1.567435,0.4061139,-0.350724,2.207434,-1.073886,1.150639,59.29674,60.44738,
#RightLegCube,-0.2684769,0.2997614,0.4418469,0,1.714564,0,obstacle3_bar,-0.8530178,0.240933,0.8509336,0,225,0,0.5845408,0.05882844,-0.4090866,0.08233789,-1.267673,-0.001804183,-0.350724,1.567435,0.4461139,-0.350724,2.207434,-0.9938861,1.170231,59.29675,60.46698,
#LeftLegCube,-0.4190807,0.2997614,0.6666544,0,1.714564,0,obstacle3_bar,-0.8530178,0.240933,0.8509336,0,225,0,0.4339371,0.05882844,-0.1842791,-0.07833788,-1.267673,-0.00180418,-0.340724,1.567435,0.6661139,-0.340724,2.207434,-0.8338861,1.216194,59.29675,60.51294,
#LeftLegCube,-0.4290808,0.2997614,0.2566544,0,1.714564,0,obstacle3_bar,-0.8530178,0.240933,0.8509336,0,225,0,0.423937,0.05882844,-0.5942792,-0.07833791,-1.267673,-0.001804183,-0.350724,1.567435,0.2561139,-0.350724,2.207434,-1.043886,0.06066513,62.23296,62.29362,
#RightLegCube,-0.2784769,0.2997614,0.171847,0,1.714564,0,obstacle3_bar,-0.8530178,0.240933,0.8509336,0,225,0,0.5745409,0.05882844,-0.6790866,0.08233789,-1.267673,-0.001804168,-0.360724,1.567435,0.1761139,-0.350724,2.207434,-1.143886,0.1273422,62.23296,62.3603,
#RightLegCube,-0.2784769,0.2997614,0.171847,0,1.714564,0,obstacle3_support,-0.2865696,0.1887213,0.2844853,0,225,0,0.008092672,0.1110401,-0.1126384,0.08233789,-1.267673,-0.001804168,-0.360724,1.567435,0.1761139,-0.350724,2.207434,-1.143886,0.07246399,62.29358,62.36605,
#RightFootSphere,-0.277699,0.09676134,0.1978353,0,1.714564,0,obstacle3_support,-0.2865696,0.1887213,0.2844853,0,225,0,0.008870602,-0.09195996,-0.08665001,0.08233789,-1.470673,0.02419584,-0.360724,1.567435,0.1761139,-0.350724,2.207434,-1.143886,0.08358765,62.29358,62.37717,
#RightLegCube,-0.2884769,0.2997614,-0.3681531,0,1.714564,0,obstacle4_support,-0.356061,0.1887213,-0.2683549,0,135,0,0.06758407,0.1110401,-0.09979817,0.08233789,-1.267673,-0.001804183,-0.370724,1.567435,-0.3638861,-0.370724,2.207434,-1.723886,0.1418648,62.60448,62.74634,
#RightLegCube,-0.2984769,0.2997614,-0.478153,0,1.714564,0,prop_fan_prop_fan_005,-0.03201675,0.1740001,-0.02502584,0,0,0,-0.2664602,0.1257614,-0.4531272,0.08233789,-1.267673,-0.001804183,-0.380724,1.567435,-0.4738861,-0.370724,2.207434,-1.763886,0.5243111,62.2936,62.81791,
#LeftLegCube,-0.4590808,0.2997614,-0.6733456,0,1.714564,0,obstacle4_bar,-0.8771935,0.240933,-0.7894874,0,135,0,0.4181127,0.05882844,0.1161418,-0.07833788,-1.267673,-0.00180418,-0.380724,1.567435,-0.6738861,-0.380724,2.207434,-1.873886,0.2778282,62.60437,62.8822,
