#bar,0.6849546,1.513743,-0.9940381,0,40,0,tunelzinho1_support,1.076999,0.8645127,-1.323002,0,40,0,-0.3920441,0.6492299,0.3289642,2.038633,-0.3526923,-0.7620163,-1.353678,1.866435,-0.2320217,-1.353678,2.506435,-1.632021,0.01534748,14.69604,14.71139,
#support,1.076999,0.8645127,-1.323002,0,40,0,tunelzinho1_bar,0.6849546,1.513743,-0.9940381,0,40,0,0.3920441,-0.6492299,-0.3289642,2.430677,-1.001922,-1.09098,-1.353678,1.866435,-0.2320217,-1.353678,2.506435,-1.632021,0.02189159,14.69606,14.71795,
#bar,0.6849546,1.513743,-0.9940381,0,40,0,tunelzinho1_support (1),0.2929096,0.8645127,-0.6650748,0,40,0,0.392045,0.6492299,-0.3289633,2.038633,-0.3526923,-0.7620163,-1.353678,1.866435,-0.2320217,-1.353678,2.506435,-1.632021,0.03050041,14.69605,14.72655,
#support (1),0.2929096,0.8645127,-0.6650748,0,40,0,tunelzinho1_bar,0.6849546,1.513743,-0.9940381,0,40,0,-0.392045,-0.6492299,0.3289633,1.646588,-1.001922,-0.4330529,-1.353678,1.866435,-0.2320217,-1.353678,2.506435,-1.632021,0.03408718,14.69606,14.73014,
#support,1.254999,0.8645127,-1.036001,0,30.00001,0,tunelzinho2_bar,0.8117867,1.513743,-0.7801127,0,30.00001,0,0.4432125,-0.6492299,-0.255888,2.608677,-1.001922,-0.8039788,-1.353678,1.866435,-0.2320217,-1.353678,2.506435,-1.632021,0.03622341,14.69602,14.73225,
#bar,0.8117867,1.513743,-0.7801127,0,30.00001,0,tunelzinho2_support,1.254999,0.8645127,-1.036001,0,30.00001,0,-0.4432125,0.6492299,0.255888,2.165465,-0.3526922,-0.5480909,-1.353678,1.866435,-0.2320217,-1.353678,2.506435,-1.632021,0.0383234,14.69602,14.73434,
#support (1),0.3685741,0.8645127,-0.5242248,0,30.00001,0,tunelzinho2_bar,0.8117867,1.513743,-0.7801127,0,30.00001,0,-0.4432125,-0.6492299,0.255888,1.722252,-1.001922,-0.2922029,-1.353678,1.866435,-0.2320217,-1.353678,2.506435,-1.632021,0.04203415,14.69602,14.73806,
#bar,0.8117867,1.513743,-0.7801127,0,30.00001,0,tunelzinho2_support (1),0.3685741,0.8645127,-0.5242248,0,30.00001,0,0.4432125,0.6492299,-0.255888,2.165465,-0.3526922,-0.5480909,-1.353678,1.866435,-0.2320217,-1.353678,2.506435,-1.632021,0.04434013,14.69603,14.74037,
#bar,0.8830853,1.513743,-0.5469642,0,20,0,tunelzinho3_support,1.363999,0.8645127,-0.7220006,0,20,0,-0.4809141,0.6492299,0.1750364,2.236763,-0.3526922,-0.3149424,-1.353678,1.866435,-0.2320217,-1.353678,2.506435,-1.632021,0.04681873,14.69598,14.7428,
#support,1.363999,0.8645127,-0.7220006,0,20,0,tunelzinho3_bar,0.8830853,1.513743,-0.5469642,0,20,0,0.4809141,-0.6492299,-0.1750364,2.717677,-1.001922,-0.4899787,-1.353678,1.866435,-0.2320217,-1.353678,2.506435,-1.632021,0.04878998,14.696,14.74479,
#bar,0.8830853,1.513743,-0.5469642,0,20,0,tunelzinho3_support (1),0.4021721,0.8645127,-0.3719249,0,20,0,0.4809132,0.6492299,-0.1750393,2.236763,-0.3526922,-0.3149424,-1.353678,1.866435,-0.2320217,-1.353678,2.506435,-1.632021,0.05087757,14.696,14.74688,
#support (1),0.4021721,0.8645127,-0.3719249,0,20,0,tunelzinho3_bar,0.8830853,1.513743,-0.5469642,0,20,0,-0.4809132,-0.6492299,0.1750393,1.75585,-1.001922,-0.139903,-1.353678,1.866435,-0.2320217,-1.353678,2.506435,-1.632021,0.0531702,14.696,14.74917,
#support,1.413999,0.8645127,-0.3950019,0,10,0,tunelzinho4_bar,0.909996,1.513743,-0.3061328,0,10,0,0.504003,-0.6492299,-0.08886909,2.767677,-1.001922,-0.16298,-1.353678,1.866435,-0.2320217,-1.353678,2.506435,-1.632021,0.05550575,14.69599,14.75149,
#bar,0.909996,1.513743,-0.3061328,0,10,0,tunelzinho4_support,1.413999,0.8645127,-0.3950019,0,10,0,-0.504003,0.6492299,0.08886909,2.263674,-0.3526922,-0.07411099,-1.353678,1.866435,-0.2320217,-1.353678,2.506435,-1.632021,0.05789757,14.69598,14.75387,
#support (1),0.4059944,0.8645127,-0.2172618,0,10,0,tunelzinho4_bar,0.909996,1.513743,-0.3061328,0,10,0,-0.5040016,-0.6492299,0.088871,1.759673,-1.001922,0.01476011,-1.353678,1.866435,-0.2320217,-1.353678,2.506435,-1.632021,0.06034184,14.69599,14.75633,
#bar,0.909996,1.513743,-0.3061328,0,10,0,tunelzinho4_support (1),0.4059944,0.8645127,-0.2172618,0,10,0,0.5040016,0.6492299,-0.088871,2.263674,-0.3526922,-0.07411099,-1.353678,1.866435,-0.2320217,-1.353678,2.506435,-1.632021,0.06272507,14.69599,14.75872,
#support,1.423999,0.8645127,-0.04400206,0,0,0,tunelzinho5_bar,0.9122219,1.513743,-0.04400206,0,0,0,0.5117774,-0.6492299,0,2.777677,-1.001922,0.1880199,-1.353678,1.866435,-0.2320217,-1.353678,2.506435,-1.632021,0.0650425,14.69599,14.76104,
#bar,0.9122219,1.513743,-0.04400206,0,0,0,tunelzinho5_support,1.423999,0.8645127,-0.04400206,0,0,0,-0.5117774,0.6492299,0,2.2659,-0.3526921,0.1880198,-1.353678,1.866435,-0.2320217,-1.353678,2.506435,-1.632021,0.06763458,14.69597,14.76361,
#support (1),0.4004431,0.8645127,-0.0440011,0,0,0,tunelzinho5_bar,0.9122219,1.513743,-0.04400206,0,0,0,-0.5117788,-0.6492299,9.536743E-07,1.754121,-1.001922,0.1880208,-1.353678,1.866435,-0.2320217,-1.353678,2.506435,-1.632021,0.07093334,14.69599,14.76693,
#bar,0.9122219,1.513743,-0.04400206,0,0,0,tunelzinho5_support (1),0.4004431,0.8645127,-0.0440011,0,0,0,0.5117788,0.6492299,-9.536743E-07,2.2659,-0.3526921,0.1880198,-1.353678,1.866435,-0.2320217,-1.353678,2.506435,-1.632021,0.08000946,14.696,14.77601,
#bar,0.9219971,1.513743,0.2021298,0,350,0,tunelzinho6_support,1.425999,0.8645127,0.2909985,0,350,0,-0.5040021,0.6492299,-0.08886862,2.275675,-0.3526921,0.4341516,-1.353678,1.866435,-0.2320217,-1.353678,2.506435,-1.632021,0.08338165,14.69596,14.77935,
#support,1.425999,0.8645127,0.2909985,0,350,0,tunelzinho6_bar,0.9219971,1.513743,0.2021298,0,350,0,0.5040021,-0.6492299,0.08886862,2.779677,-1.001922,0.5230204,-1.353678,1.866435,-0.2320217,-1.353678,2.506435,-1.632021,0.08647442,14.69598,14.78246,
#support (1),0.4179935,0.8645127,0.1132607,0,350,0,tunelzinho6_bar,0.9219971,1.513743,0.2021298,0,350,0,-0.5040035,-0.6492299,-0.08886909,1.771672,-1.001922,0.3452826,-1.353678,1.866435,-0.2320217,-1.353678,2.506435,-1.632021,0.1018524,14.69598,14.79784,
#bar,0.9219971,1.513743,0.2021298,0,350,0,tunelzinho6_support (1),0.4179935,0.8645127,0.1132607,0,350,0,0.5040035,0.6492299,0.08886909,2.275675,-0.3526921,0.4341516,-1.353678,1.866435,-0.2320217,-1.353678,2.506435,-1.632021,0.157855,14.69599,14.85384,
#support,1.335999,0.8645127,0.6069989,0,340,0,tunelzinho7_bar,0.8550854,1.513743,0.4319596,0,340,0,0.4809141,-0.6492299,0.1750393,2.689677,-1.001922,0.8390208,-1.353678,1.866435,-0.2320217,-1.353678,2.506435,-1.632021,0.1623516,14.69602,14.85837,
#bar,0.8550854,1.513743,0.4319596,0,340,0,tunelzinho7_support,1.335999,0.8645127,0.6069989,0,340,0,-0.4809141,0.6492299,-0.1750393,2.208763,-0.3526921,0.6639814,-1.353678,1.866435,-0.2320217,-1.353678,2.506435,-1.632021,0.1648569,14.69601,14.86087,
#bar,0.8550854,1.513743,0.4319596,0,340,0,tunelzinho7_support (1),0.3741722,0.8645127,0.2569222,0,340,0,0.4809132,0.6492299,0.1750374,2.208763,-0.3526921,0.6639814,-1.353678,1.866435,-0.2320217,-1.353678,2.506435,-1.632021,0.1685934,14.69602,14.86461,
#support (1),0.3741722,0.8645127,0.2569222,0,340,0,tunelzinho7_bar,0.8550854,1.513743,0.4319596,0,340,0,-0.4809132,-0.6492299,-0.1750374,1.72785,-1.001922,0.4889442,-1.353678,1.866435,-0.2320217,-1.353678,2.506435,-1.632021,0.1758795,14.69602,14.8719,
#support,1.225999,0.8645127,0.9209991,0,330,0,tunelzinho8_bar,0.7827864,1.513743,0.6651092,0,330,0,0.4432125,-0.6492299,0.2558899,2.579677,-1.001922,1.153021,-1.353678,1.866435,-0.2320217,-1.353678,2.506435,-1.632021,0.1786528,14.69604,14.87469,
#bar,0.7827864,1.513743,0.6651092,0,330,0,tunelzinho8_support,1.225999,0.8645127,0.9209991,0,330,0,-0.4432125,0.6492299,-0.2558899,2.136464,-0.352692,0.897131,-1.353678,1.866435,-0.2320217,-1.353678,2.506435,-1.632021,0.2266254,14.69603,14.92266,
#bar,0.7827864,1.513743,0.6651092,0,330,0,tunelzinho8_support (1),0.3395739,0.8645127,0.4092212,0,330,0,0.4432125,0.6492299,0.255888,2.136464,-0.352692,0.897131,-1.353678,1.866435,-0.2320217,-1.353678,2.506435,-1.632021,0.229208,14.69604,14.92524,
#support (1),0.3395739,0.8645127,0.4092212,0,330,0,tunelzinho8_bar,0.7827864,1.513743,0.6651092,0,330,0,-0.4432125,-0.6492299,-0.255888,1.693252,-1.001922,0.6412431,-1.353678,1.866435,-0.2320217,-1.353678,2.506435,-1.632021,0.2327757,14.69604,14.92881,
#support,1.059999,0.8645127,1.193998,0,320,0,tunelzinho9_bar,0.6679544,1.513743,0.8650336,0,320,0,0.3920441,-0.6492299,0.3289642,2.413677,-1.001922,1.42602,-1.353678,1.866435,-0.2320217,-1.353678,2.506435,-1.632021,0.2353907,14.69606,14.93145,
#bar,0.6679544,1.513743,0.8650336,0,320,0,tunelzinho9_support,1.059999,0.8645127,1.193998,0,320,0,-0.3920441,0.6492299,-0.3289642,2.021632,-0.352692,1.097055,-1.353678,1.866435,-0.2320217,-1.353678,2.506435,-1.632021,0.2383375,14.69605,14.93439,
#bar,0.6679544,1.513743,0.8650336,0,320,0,tunelzinho9_support (1),0.2759094,0.8645127,0.5360703,0,320,0,0.392045,0.6492299,0.3289633,2.021632,-0.352692,1.097055,-1.353678,1.866435,-0.2320217,-1.353678,2.506435,-1.632021,0.2436962,14.69606,14.93975,
#support (1),0.2759094,0.8645127,0.5360703,0,320,0,tunelzinho9_bar,0.6679544,1.513743,0.8650336,0,320,0,-0.392045,-0.6492299,-0.3289633,1.629588,-1.001922,0.7680923,-1.353678,1.866435,-0.2320217,-1.353678,2.506435,-1.632021,0.2465324,14.69606,14.94259,
#support,-0.2830019,0.8645127,0.3989997,0,30.00001,0,tunelzinho11_bar,-0.7262144,1.513743,0.6548877,0,30.00001,0,0.4432125,-0.6492299,-0.255888,1.070676,-1.001922,0.6310216,-1.353678,1.866435,-0.2320217,-1.353678,2.506435,-1.632021,0.2500467,14.69609,14.94614,
#bar,-0.7262144,1.513743,0.6548877,0,30.00001,0,tunelzinho11_support,-0.2830019,0.8645127,0.3989997,0,30.00001,0,-0.4432125,0.6492299,0.255888,0.6274637,-0.352692,0.8869095,-1.353678,1.866435,-0.2320217,-1.353678,2.506435,-1.632021,0.2526712,14.69609,14.94876,
#support (1),-1.169427,0.8645127,0.9107757,0,30.00001,0,tunelzinho11_bar,-0.7262144,1.513743,0.6548877,0,30.00001,0,-0.4432125,-0.6492299,0.255888,0.1842512,-1.001922,1.142798,-1.353678,1.866435,-0.2320217,-1.353678,2.506435,-1.632021,0.27526,14.69609,14.97135,
#bar,-0.7262144,1.513743,0.6548877,0,30.00001,0,tunelzinho11_support (1),-1.169427,0.8645127,0.9107757,0,30.00001,0,0.4432125,0.6492299,-0.255888,0.6274637,-0.352692,0.8869095,-1.353678,1.866435,-0.2320217,-1.353678,2.506435,-1.632021,0.288517,14.6961,14.98461,
#support,-0.1960011,0.8645127,0.5309987,0,40,0,tunelzinho10_bar,-0.5880461,1.513743,0.859962,0,40,0,0.392045,-0.6492299,-0.3289633,1.157677,-1.001922,0.7630206,-1.353678,1.866435,-0.2320217,-1.353678,2.506435,-1.632021,0.2952394,14.69608,14.99132,
#bar,-0.5880461,1.513743,0.859962,0,40,0,tunelzinho10_support,-0.1960011,0.8645127,0.5309987,0,40,0,-0.392045,0.6492299,0.3289633,0.765632,-0.352692,1.091984,-1.353678,1.866435,-0.2320217,-1.353678,2.506435,-1.632021,0.2977467,14.69607,14.99382,
#support (1),-0.9800901,0.8645127,1.188928,0,40,0,tunelzinho10_bar,-0.5880461,1.513743,0.859962,0,40,0,-0.3920441,-0.6492299,0.3289661,0.373588,-1.001922,1.42095,-1.353678,1.866435,-0.2320217,-1.353678,2.506435,-1.632021,0.3006659,14.69608,14.99674,
#bar,-0.5880461,1.513743,0.859962,0,40,0,tunelzinho10_support (1),-0.9800901,0.8645127,1.188928,0,40,0,0.3920441,0.6492299,-0.3289661,0.765632,-0.352692,1.091984,-1.353678,1.866435,-0.2320217,-1.353678,2.506435,-1.632021,0.3037329,14.69608,14.99981,
#bar,-0.8079157,1.513743,0.4530368,0,20,0,tunelzinho12_support,-0.3270006,0.8645127,0.2779975,0,20,0,-0.4809151,0.6492299,0.1750393,0.5457624,-0.3526921,0.6850586,-1.353678,1.866435,-0.2320217,-1.353678,2.506435,-1.632021,0.3082247,14.69611,15.00433,
#support,-0.3270006,0.8645127,0.2779975,0,20,0,tunelzinho12_bar,-0.8079157,1.513743,0.4530368,0,20,0,0.4809151,-0.6492299,-0.1750393,1.026677,-1.001922,0.5100194,-1.353678,1.866435,-0.2320217,-1.353678,2.506435,-1.632021,0.3285437,14.69611,15.02465,
#bar,-0.8079157,1.513743,0.4530368,0,20,0,tunelzinho12_support (1),-1.288829,0.8645127,0.6280742,0,20,0,0.4809132,0.6492299,-0.1750374,0.5457624,-0.3526921,0.6850586,-1.353678,1.866435,-0.2320217,-1.353678,2.506435,-1.632021,0.3317575,14.69611,15.02787,
#support (1),-1.288829,0.8645127,0.6280742,0,20,0,tunelzinho12_bar,-0.8079157,1.513743,0.4530368,0,20,0,-0.4809132,-0.6492299,0.1750374,0.06484926,-1.001922,0.8600961,-1.353678,1.866435,-0.2320217,-1.353678,2.506435,-1.632021,0.3342962,14.69611,15.03041,
#bar,-0.833004,1.513743,0.1978688,0,10,0,tunelzinho13_support,-0.3290014,0.8645127,0.1089988,0,10,0,-0.5040026,0.6492299,0.08887005,0.5206741,-0.3526921,0.4298906,-1.353678,1.866435,-0.2320217,-1.353678,2.506435,-1.632021,0.3369541,14.69612,15.03307,
#support,-0.3290014,0.8645127,0.1089988,0,10,0,tunelzinho13_bar,-0.833004,1.513743,0.1978688,0,10,0,0.5040026,-0.6492299,-0.08887005,1.024677,-1.001922,0.3410207,-1.353678,1.866435,-0.2320217,-1.353678,2.506435,-1.632021,0.3453608,14.69613,15.04149,
#bar,-0.833004,1.513743,0.1978688,0,10,0,tunelzinho13_support (1),-1.337007,0.8645127,0.286737,0,10,0,0.5040026,0.6492299,-0.08886814,0.5206741,-0.3526921,0.4298906,-1.353678,1.866435,-0.2320217,-1.353678,2.506435,-1.632021,0.3483925,14.69613,15.04452,
#support (1),-1.337007,0.8645127,0.286737,0,10,0,tunelzinho13_bar,-0.833004,1.513743,0.1978688,0,10,0,-0.5040026,-0.6492299,0.08886814,0.01667155,-1.001922,0.5187589,-1.353678,1.866435,-0.2320217,-1.353678,2.506435,-1.632021,0.3511877,14.69613,15.04732,
#support,-0.3450012,0.8645127,-0.08000135,0,0,0,tunelzinho14_bar,-0.8567791,1.513743,-0.08000326,0,0,0,0.5117779,-0.6492299,1.907349E-06,1.008677,-1.001922,0.1520206,-1.353678,1.866435,-0.2320217,-1.353678,2.506435,-1.632021,0.3542213,14.69613,15.05035,
#bar,-0.8567791,1.513743,-0.08000326,0,0,0,tunelzinho14_support,-0.3450012,0.8645127,-0.08000135,0,0,0,-0.5117779,0.6492299,-1.907349E-06,0.496899,-0.3526921,0.1520185,-1.353678,1.866435,-0.2320217,-1.353678,2.506435,-1.632021,0.3615131,14.69613,15.05764,
#bar,-0.8567791,1.513743,-0.08000326,0,0,0,tunelzinho14_support (1),-1.368556,0.8645127,-0.08000231,0,0,0,0.5117769,0.6492299,-9.536743E-07,0.496899,-0.3526921,0.1520185,-1.353678,1.866435,-0.2320217,-1.353678,2.506435,-1.632021,0.366991,14.69594,15.06293,
#support (1),-1.368556,0.8645127,-0.08000231,0,0,0,tunelzinho14_bar,-0.8567791,1.513743,-0.08000326,0,0,0,-0.5117769,-0.6492299,9.536743E-07,-0.01487791,-1.001922,0.1520196,-1.353678,1.866435,-0.2320217,-1.353678,2.506435,-1.632021,0.3701963,14.69613,15.06632,
#LeftFoot,-1.448464,0.4108615,-0.2857766,9.334667E-06,0,0,tunelzinho14_support (1),-1.368556,0.8645127,-0.08000231,0,0,0,-0.07990789,-0.4536512,-0.2057743,-0.0947858,-1.455573,-0.05375467,-1.353678,1.866435,-0.2320217,-1.353678,2.506435,-1.632021,0.3734941,14.69594,15.06944,
#bar,-0.8380041,1.513743,-0.3358712,0,350,0,tunelzinho15_support,-0.3340015,0.8645127,-0.2470031,0,350,0,-0.5040026,0.6492299,-0.08886814,0.515674,-0.3526922,-0.1038494,-1.353678,1.866435,-0.2320217,-1.353678,2.506435,-1.632021,0.3763237,14.69612,15.07244,
#support,-0.3340015,0.8645127,-0.2470031,0,350,0,tunelzinho15_bar,-0.8380041,1.513743,-0.3358712,0,350,0,0.5040026,-0.6492299,0.08886814,1.019677,-1.001922,-0.01498117,-1.353678,1.866435,-0.2320217,-1.353678,2.506435,-1.632021,0.3789673,14.69613,15.0751,
#support (1),-1.342008,0.8645127,-0.4247403,0,350,0,tunelzinho15_bar,-0.8380041,1.513743,-0.3358712,0,350,0,-0.5040035,-0.6492299,-0.08886909,0.01167048,-1.001922,-0.1927184,-1.353678,1.866435,-0.2320217,-1.353678,2.506435,-1.632021,0.3817282,14.69613,15.07786,
#bar,-0.8380041,1.513743,-0.3358712,0,350,0,tunelzinho15_support (1),-1.342008,0.8645127,-0.4247403,0,350,0,0.5040035,0.6492299,0.08886909,0.515674,-0.3526922,-0.1038494,-1.353678,1.866435,-0.2320217,-1.353678,2.506435,-1.632021,0.3843641,14.69613,15.0805,
#Hips,-1.352,1.252794,-0.26,9.334667E-06,0,0,tunelzinho15_support (1),-1.342008,0.8645127,-0.4247403,0,350,0,-0.009992361,0.3882812,0.1647403,0.001678117,-0.6136409,-0.02797815,-1.353678,1.866435,-0.2320217,-1.353678,2.506435,-1.632021,0.3869753,14.69613,15.08311,
#support,-0.2700014,0.8645127,-0.4180017,0,340,0,tunelzinho16_bar,-0.7509155,1.513743,-0.59304,0,340,0,0.4809141,-0.6492299,0.1750383,1.083677,-1.001922,-0.1859797,-1.353678,1.866435,-0.2320217,-1.353678,2.506435,-1.632021,0.3916912,14.6961,15.08779,
#bar,-0.7509155,1.513743,-0.59304,0,340,0,tunelzinho16_support,-0.2700014,0.8645127,-0.4180017,0,340,0,-0.4809141,0.6492299,-0.1750383,0.6027626,-0.3526922,-0.3610182,-1.353678,1.866435,-0.2320217,-1.353678,2.506435,-1.632021,0.3961592,14.6961,15.09226,
#support (1),-1.231829,0.8645127,-0.7680793,0,340,0,tunelzinho16_bar,-0.7509155,1.513743,-0.59304,0,340,0,-0.4809132,-0.6492299,-0.1750393,0.1218494,-1.001922,-0.5360574,-1.353678,1.866435,-0.2320217,-1.353678,2.506435,-1.632021,0.4035568,14.6961,15.09966,
#bar,-0.7509155,1.513743,-0.59304,0,340,0,tunelzinho16_support (1),-1.231829,0.8645127,-0.7680793,0,340,0,0.4809132,0.6492299,0.1750393,0.6027626,-0.3526922,-0.3610182,-1.353678,1.866435,-0.2320217,-1.353678,2.506435,-1.632021,0.4073772,14.6961,15.10348,
#bar,-0.6522141,1.513743,-0.8388915,0,330,0,tunelzinho17_support,-0.2090015,0.8645127,-0.5830016,0,330,0,-0.4432125,0.6492299,-0.2558899,0.7014641,-0.3526922,-0.6068697,-1.353678,1.866435,-0.2320217,-1.353678,2.506435,-1.632021,0.4106407,14.69608,15.10672,
#support,-0.2090015,0.8645127,-0.5830016,0,330,0,tunelzinho17_bar,-0.6522141,1.513743,-0.8388915,0,330,0,0.4432125,-0.6492299,0.2558899,1.144677,-1.001922,-0.3509797,-1.353678,1.866435,-0.2320217,-1.353678,2.506435,-1.632021,0.4131298,14.69609,15.10922,
#bar,-0.6522141,1.513743,-0.8388915,0,330,0,tunelzinho17_support (1),-1.095427,0.8645127,-1.094779,0,330,0,0.4432125,0.6492299,0.255888,0.7014641,-0.3526922,-0.6068697,-1.353678,1.866435,-0.2320217,-1.353678,2.506435,-1.632021,0.4159174,14.69608,15.112,
#support (1),-1.095427,0.8645127,-1.094779,0,330,0,tunelzinho17_bar,-0.6522141,1.513743,-0.8388915,0,330,0,-0.4432125,-0.6492299,-0.255888,0.2582515,-1.001922,-0.8627576,-1.353678,1.866435,-0.2320217,-1.353678,2.506435,-1.632021,0.4188356,14.69609,15.11492,
#support,-0.144001,0.8645127,-0.7030025,0,320,0,tunelzinho18_bar,-0.536046,1.513743,-1.031966,0,320,0,0.392045,-0.6492299,0.3289633,1.209677,-1.001922,-0.4709806,-1.353678,1.866435,-0.2320217,-1.353678,2.506435,-1.632021,0.4220009,14.69607,15.11807,
#bar,-0.536046,1.513743,-1.031966,0,320,0,tunelzinho18_support,-0.144001,0.8645127,-0.7030025,0,320,0,-0.392045,0.6492299,-0.3289633,0.8176321,-0.3526923,-0.7999439,-1.353678,1.866435,-0.2320217,-1.353678,2.506435,-1.632021,0.4328566,14.69607,15.12892,
#support (1),-0.9280901,0.8645127,-1.36093,0,320,0,tunelzinho18_bar,-0.536046,1.513743,-1.031966,0,320,0,-0.3920441,-0.6492299,-0.3289642,0.425588,-1.001922,-1.128908,-1.353678,1.866435,-0.2320217,-1.353678,2.506435,-1.632021,0.4357958,14.69607,15.13186,
#bar,-0.536046,1.513743,-1.031966,0,320,0,tunelzinho18_support (1),-0.9280901,0.8645127,-1.36093,0,320,0,0.3920441,0.6492299,0.3289642,0.8176321,-0.3526923,-0.7999439,-1.353678,1.866435,-0.2320217,-1.353678,2.506435,-1.632021,0.4386806,14.69607,15.13475,
