#RightFoot,-1.255788,0.4127615,-0.8497767,9.334667E-06,0,0,task1Objects_barril6,-1.167356,0.2245206,-0.4659085,0,270,0,-0.08843267,0.1882409,-0.3838682,0.09788991,-1.453673,-0.0537547,-1.353678,1.866435,-0.7960218,-1.353678,2.506435,-2.067021,13.18528,7.022432,20.20771,
#RightFoot,0.9672118,0.4127615,-1.230777,9.334667E-06,0,0,task1Objects_barril1,0.7406445,0.2245206,-1.149908,0,270,0,0.2265673,0.1882409,-0.08086908,0.09788991,-1.453673,-0.05375464,0.8693219,1.866435,-1.177022,0.7183219,2.506435,-2.577021,0.0497303,28.75101,28.80075,
#LeftFoot,0.5615361,0.4108615,-1.230777,9.334667E-06,0,0,task1Objects_barril1,0.7406445,0.2245206,-1.149908,0,270,0,-0.1791084,0.1863409,-0.08086908,-0.0947858,-1.455573,-0.05375464,0.6563219,1.866435,-1.177022,0.6673219,2.506435,-2.577021,0.1991138,29.35076,29.54987,
#RightFoot,0.4882118,0.4127615,-1.230777,9.334667E-06,0,0,task1Objects_barril1,0.7406445,0.2245206,-1.149908,0,270,0,-0.2524326,0.1882409,-0.08086908,0.09788991,-1.453673,-0.05375464,0.3903219,1.866435,-1.177022,0.4473219,2.506435,-2.577021,0.4503422,29.35076,29.8011,
#LeftFoot,0.4855361,0.4108615,-1.230777,9.334667E-06,0,0,task1Objects_barril1,0.7406445,0.2245206,-1.149908,0,270,0,-0.2551084,0.1863409,-0.08086908,-0.09478583,-1.455573,-0.05375464,0.5803219,1.866435,-1.177022,0.7073219,2.506435,-2.577021,0.239336,30.46195,30.70128,
#RightFoot,0.4922118,0.4127615,-1.230777,9.334667E-06,0,0,task1Objects_barril1,0.7406445,0.2245206,-1.149908,0,270,0,-0.2484326,0.1882409,-0.08086908,0.09788991,-1.453673,-0.05375464,0.3943219,1.866435,-1.177022,0.5803219,2.506435,-2.577021,0.2560177,30.46195,30.71796,
#RightFoot,0.9112118,0.4127615,-1.230777,9.334667E-06,0,0,task1Objects_barril1,0.7406445,0.2245206,-1.149908,0,270,0,0.1705673,0.1882409,-0.08086908,0.09788991,-1.453673,-0.05375464,0.8133219,1.866435,-1.177022,0.7483219,2.506435,-2.577021,0.1825943,45.21815,45.40075,
#LeftFoot,0.9105361,0.4108615,-1.230777,9.334667E-06,0,0,task1Objects_barril1,0.7406445,0.2245206,-1.149908,0,270,0,0.1698916,0.1863409,-0.08086908,-0.0947858,-1.455573,-0.05375464,1.005322,1.866435,-1.177022,0.9893219,2.506435,-2.577021,0.3514252,45.21815,45.56958,
#LeftFoot,0.9105361,0.4108615,-0.8397767,9.334667E-06,0,0,task1Objects_barril2,1.028645,0.1921215,-0.4659076,0,270,0,-0.1181085,0.21874,-0.3738691,-0.0947858,-1.455573,-0.0537547,1.005322,1.866435,-0.7860218,1.005322,2.506435,-2.123021,2.09037,47.27547,49.36584,
#RightFoot,1.103212,0.4127615,-0.8397767,9.334667E-06,0,0,task1Objects_barril2,1.028645,0.1921215,-0.4659076,0,270,0,0.0745672,0.22064,-0.3738691,0.09788991,-1.453673,-0.0537547,1.005322,1.866435,-0.7860218,1.005322,2.506435,-2.123021,2.091721,47.27547,49.3672,
#LeftFoot,0.9105361,0.4108615,-0.2857766,9.334667E-06,0,0,task1Objects_barril2,1.028645,0.1921215,-0.4659076,0,270,0,-0.1181085,0.21874,0.1801309,-0.0947858,-1.455573,-0.05375467,1.005322,1.866435,-0.2320217,1.005322,2.506435,-1.663021,0.436779,50.01801,50.45478,
#RightFoot,1.103212,0.4127615,-0.2327767,9.334667E-06,0,0,task1Objects_barril2,1.028645,0.1921215,-0.4659076,0,270,0,0.0745672,0.22064,0.2331309,0.09788991,-1.453673,-0.05375467,1.005322,1.866435,-0.1790217,1.005322,2.506435,-1.632021,0.4531555,50.01801,50.47116,
#LeftFoot,0.9105361,0.4108615,0.6402233,9.334667E-06,0,0,task1Objects_barril3,0.8486443,0.2245206,0.4520917,0,270,0,0.06189179,0.1863409,0.1881316,-0.0947858,-1.455573,-0.0537547,1.005322,1.866435,0.6939783,1.005322,2.506435,-0.7220212,0.6152573,50.59594,51.2112,
#RightFoot,0.9722118,0.4127615,0.6222233,9.334667E-06,0,0,task1Objects_barril3,0.8486443,0.2245206,0.4520917,0,270,0,0.1235676,0.1882409,0.1701316,0.09788991,-1.453673,-0.0537547,0.8743219,1.866435,0.6759782,0.8743219,2.506435,-0.7470212,3.363575,53.72271,57.08629,
#LeftFoot,0.7795361,0.4108615,0.6612233,9.334667E-06,0,0,task1Objects_barril3,0.8486443,0.2245206,0.4520917,0,270,0,-0.06910813,0.1863409,0.2091316,-0.0947858,-1.455573,-0.0537547,0.8743219,1.866435,0.7149782,0.8743219,2.506435,-0.7020212,3.399433,53.72271,57.12215,
#LeftFoot,-0.3134639,0.4108615,1.073223,9.334667E-06,0,0,task1Objects_barril4,-0.05135536,0.2245206,1.028092,0,270,0,-0.2621086,0.1863409,0.04513144,-0.09478583,-1.455573,-0.05375464,-0.2186781,1.866435,1.126978,-0.0446781,2.506435,-0.2730212,0.02064896,63.16963,63.19028,
#RightFoot,-0.2497882,0.4127615,1.073223,9.334667E-06,0,0,task1Objects_barril4,-0.05135536,0.2245206,1.028092,0,270,0,-0.1984328,0.1882409,0.04513144,0.09788991,-1.453673,-0.05375464,-0.3476781,1.866435,1.126978,-0.3056781,2.506435,-0.2730212,0.06361771,63.16963,63.23325,
#RightFoot,-0.8307882,0.4127615,-0.1397767,9.334667E-06,0,0,task1Objects_barril5,-0.8253555,0.2245206,0.4520917,0,270,0,-0.005432665,0.1882409,-0.5918683,0.09788991,-1.453673,-0.05375468,-0.9286781,1.866435,-0.08602175,-0.9286781,2.506435,-1.322021,0.1420135,65.63835,65.78036,
#LeftFoot,-1.023464,0.4108615,-0.7647767,9.334667E-06,0,0,task1Objects_barril6,-1.167356,0.2245206,-0.4659085,0,270,0,0.1438916,0.1863409,-0.2988682,-0.09478586,-1.455573,-0.0537547,-0.9286781,1.866435,-0.7110218,-0.9286781,2.506435,-2.085021,0.1680069,65.84659,66.0146,
#RightFoot,-0.8307882,0.4127615,-1.614777,9.334667E-06,0,0,task1Objects_barril7,-0.8253555,0.2245206,-1.149908,0,270,0,-0.005432665,0.1882409,-0.464869,0.09788991,-1.453673,-0.05375464,-0.9286781,1.866435,-1.561022,-0.9286781,2.506435,-2.926021,0.1984406,66.12261,66.32105,
