#LeftUpLegSphere,0.02670391,0.9210613,1.312793,0,1.714564,0,task1Objects_barril4,-0.05135536,0.2245206,1.028092,0,270,0,0.07805927,0.6965407,0.2847008,-0.07333788,-0.6463733,0.0244955,0.09927604,1.567435,1.286114,0.09927604,2.207434,-0.2638861,0.1535788,10.24778,10.40136,
#LeftLegSphere,0.02670389,0.5050613,1.312793,0,1.714564,0,task1Objects_barril4,-0.05135536,0.2245206,1.028092,0,270,0,0.07805926,0.2805406,0.2847008,-0.0733379,-1.062373,0.0244955,0.09927604,1.567435,1.286114,0.09927604,2.207434,-0.2638861,0.1572256,10.24778,10.40501,
#LeftUpLegCube,0.02370526,0.7090614,1.312882,0,1.714564,0,task1Objects_barril4,-0.05135536,0.2245206,1.028092,0,270,0,0.07506062,0.4845408,0.2847905,-0.07633787,-0.8583732,0.0244955,0.09927604,1.567435,1.286114,0.09927604,2.207434,-0.2638861,0.1658735,10.24778,10.41366,
#LeftLegCube,0.02091924,0.2997614,1.286654,0,1.714564,0,task1Objects_barril4,-0.05135536,0.2245206,1.028092,0,270,0,0.0722746,0.07524079,0.2585624,-0.07833789,-1.267673,-0.001804183,0.09927604,1.567435,1.286114,0.09927604,2.207434,-0.2638861,0.1697493,10.24778,10.41753,
#spineCube,0.09970291,1.202057,1.300374,0,1.714564,0,task1Objects_barril4,-0.05135536,0.2245206,1.028092,0,270,0,0.1510583,0.9775365,0.2722824,3.72529E-09,-0.3653774,0.01426683,0.09927604,1.567435,1.286114,0.09927604,2.207434,-0.2638861,0.1734772,10.24778,10.42126,
#LeftUpLegSphere,0.01670391,0.9210613,0.8927927,0,1.714564,0,task1Objects_barril4,-0.05135536,0.2245206,1.028092,0,270,0,0.06805927,0.6965407,-0.1352992,-0.07333788,-0.6463733,0.0244955,0.08927605,1.567435,0.8661139,0.08927604,2.207434,-0.4938861,0.9577513,14.15767,15.11543,
#LeftLegSphere,0.0167039,0.5050613,0.8927926,0,1.714564,0,task1Objects_barril4,-0.05135536,0.2245206,1.028092,0,270,0,0.06805926,0.2805406,-0.1352993,-0.0733379,-1.062373,0.02449544,0.08927605,1.567435,0.8661139,0.08927604,2.207434,-0.4938861,0.9587803,14.15767,15.11645,
#LeftLegCube,0.01091924,0.2997614,0.8366544,0,1.714564,0,task1Objects_barril4,-0.05135536,0.2245206,1.028092,0,270,0,0.06227461,0.07524079,-0.1914375,-0.07833789,-1.267673,-0.001804183,0.08927605,1.567435,0.8361139,0.08927604,2.207434,-0.5338861,0.9818153,14.15767,15.13949,
#LeftUpLegCube,0.003705263,0.7090614,0.7828825,0,1.714564,0,task1Objects_barril4,-0.05135536,0.2245206,1.028092,0,270,0,0.05506063,0.4845408,-0.2452095,-0.07633787,-0.8583732,0.0244955,0.07927604,1.567435,0.7561139,0.08927604,2.207434,-0.563886,1.007912,14.15767,15.16559,
#spineCube,0.07970291,1.202057,0.7703743,0,1.714564,0,task1Objects_barril4,-0.05135536,0.2245206,1.028092,0,270,0,0.1310583,0.9775365,-0.2577176,3.72529E-09,-0.3653774,0.01426683,0.07927604,1.567435,0.7561139,0.08927604,2.207434,-0.563886,1.010244,14.15767,15.16792,
#LeftLegSphere,-0.0032961,0.5050613,0.3427927,0,1.714564,0,prop_fan_prop_fan_005,-0.03201675,0.1740001,-0.02502584,0,0,0,0.02872065,0.3310612,0.3678185,-0.0733379,-1.062373,0.02449547,0.06927605,1.567435,0.3161139,0.06927604,2.207434,-1.173886,0.3186703,17.21793,17.5366,
#RightLegSphere,0.15231,0.5050613,0.3381348,0,1.714564,0,prop_fan_prop_fan_005,-0.03201675,0.1740001,-0.02502584,0,0,0,0.1843267,0.3310612,0.3631607,0.08233787,-1.062373,0.02449547,0.06927605,1.567435,0.3161139,0.06927604,2.207434,-1.173886,0.3207893,17.21793,17.53872,
#LeftLegCube,-0.009080753,0.2997614,0.3966544,0,1.714564,0,prop_fan_prop_fan_005,-0.03201675,0.1740001,-0.02502584,0,0,0,0.022936,0.1257614,0.4216802,-0.07833789,-1.267673,-0.001804183,0.06927605,1.567435,0.3961139,0.06927604,2.207434,-1.083886,0.3454151,17.21793,17.56334,
#RightLegCube,0.1515231,0.2997614,0.3918469,0,1.714564,0,prop_fan_prop_fan_005,-0.03201675,0.1740001,-0.02502584,0,0,0,0.1835398,0.1257614,0.4168728,0.08233789,-1.267673,-0.001804183,0.06927605,1.567435,0.3961139,0.06927604,2.207434,-1.083886,0.3473282,17.21793,17.56526,
#RightLegCube,0.1615231,0.2997614,0.4818469,0,1.714564,0,obstacle2_support,0.2081652,0.1887213,0.2958713,0,135,0,-0.04664209,0.1110401,0.1859757,0.08233787,-1.267673,-0.001804183,0.07927604,1.567435,0.4861139,0.06927604,2.207434,-1.003886,0.1127281,17.51575,17.62848,
#RightLegCube,0.1615231,0.2997614,0.4818469,0,1.714564,0,obstacle2_bar,0.7293072,0.240933,0.8170133,0,135,0,-0.5677841,0.05882844,-0.3351663,0.08233787,-1.267673,-0.001804183,0.07927604,1.567435,0.4861139,0.06927604,2.207434,-1.003886,0.08973122,17.54065,17.63038,
#RightLegCube,0.1415231,0.2997614,-0.1281531,0,1.714564,0,obstacle2_bar,0.7293072,0.240933,0.8170133,0,135,0,-0.5877841,0.05882844,-0.9451663,0.08233789,-1.267673,-0.001804176,0.05927604,1.567435,-0.1238861,0.05927604,2.207434,-1.313886,0.03082275,18.60918,18.64,
#RightLegCube,0.1415231,0.2997614,-0.1281531,0,1.714564,0,obstacle2_support,0.2081652,0.1887213,0.2958713,0,135,0,-0.06664209,0.1110401,-0.4240243,0.08233789,-1.267673,-0.001804176,0.05927604,1.567435,-0.1238861,0.05927604,2.207434,-1.313886,0.03275871,18.60864,18.6414,
#RightLegSphere,0.13231,0.5050613,-0.3718652,0,1.714564,0,prop_fan_prop_fan_005,-0.03201675,0.1740001,-0.02502584,0,0,0,0.1643267,0.3310612,-0.3468393,0.08233787,-1.062373,0.02449547,0.04927604,1.567435,-0.3938861,0.04927604,2.207434,-1.723886,0.05132103,18.6439,18.69522,
#RightLegCube,0.1315231,0.2997614,-0.3981531,0,1.714564,0,prop_fan_prop_fan_005,-0.03201675,0.1740001,-0.02502584,0,0,0,0.1635398,0.1257614,-0.3731272,0.08233787,-1.267673,-0.001804183,0.04927604,1.567435,-0.3938861,0.04927604,2.207434,-1.723886,0.05371475,18.6439,18.69762,
#LeftLegSphere,-0.0232961,0.5050613,-0.3672073,0,1.714564,0,prop_fan_prop_fan_005,-0.03201675,0.1740001,-0.02502584,0,0,0,0.008720651,0.3310612,-0.3421815,-0.0733379,-1.062373,0.02449547,0.04927604,1.567435,-0.3938861,0.04927604,2.207434,-1.723886,0.05588531,18.6439,18.69979,
#LeftLegCube,-0.02908076,0.2997614,-0.3933456,0,1.714564,0,prop_fan_prop_fan_005,-0.03201675,0.1740001,-0.02502584,0,0,0,0.002935998,0.1257614,-0.3683197,-0.07833789,-1.267673,-0.001804183,0.04927604,1.567435,-0.3938861,0.04927604,2.207434,-1.723886,0.05787468,18.6439,18.70178,
