#LeftLegCube,0.01091924,0.2997614,0.8066544,0,1.714564,0,task1Objects_barril4,-0.05135536,0.2245206,1.028092,0,270,0,0.06227461,0.07524079,-0.2214375,-0.07833789,-1.267673,-0.001804183,0.08927605,1.567435,0.8061139,0.08927604,2.207434,-0.5438861,1.459878,12.75404,14.21392,
#LeftUpLegCube,0.01370526,0.7090614,0.8328825,0,1.714564,0,task1Objects_barril4,-0.05135536,0.2245206,1.028092,0,270,0,0.06506062,0.4845408,-0.1952094,-0.07633787,-0.8583732,0.0244955,0.08927605,1.567435,0.8061139,0.08927604,2.207434,-0.5438861,1.473873,12.75404,14.22791,
#spineCube,0.07970291,1.202057,0.5803743,0,1.714564,0,task1Objects_barril4,-0.05135536,0.2245206,1.028092,0,270,0,0.1310583,0.9775365,-0.4477176,3.72529E-09,-0.3653774,0.01426683,0.07927604,1.567435,0.5661139,0.08927604,2.207434,-0.5938861,1.507188,12.75404,14.26123,
#LeftLegSphere,0.02270389,0.5050613,1.159793,0,1.714564,0,task1Objects_barril4,-0.05135536,0.2245206,1.028092,0,270,0,0.07405926,0.2805406,0.1317008,-0.0733379,-1.062373,0.0244955,0.09527604,1.567435,1.133114,0.09327604,2.207434,-0.338886,0.1982174,19.44506,19.64328,
#LeftUpLegSphere,0.02270391,0.9210613,1.159793,0,1.714564,0,task1Objects_barril4,-0.05135536,0.2245206,1.028092,0,270,0,0.07405927,0.6965407,0.1317008,-0.07333788,-0.6463733,0.0244955,0.09527604,1.567435,1.133114,0.09327604,2.207434,-0.338886,0.1995068,19.44506,19.64457,
#LeftUpLegCube,0.02170526,0.7090614,1.231882,0,1.714564,0,task1Objects_barril4,-0.05135536,0.2245206,1.028092,0,270,0,0.07306062,0.4845408,0.2037905,-0.07633787,-0.8583732,0.0244955,0.09727605,1.567435,1.205114,0.09627604,2.207434,-0.2258861,0.3387585,19.44506,19.78382,
#LeftLegCube,0.01891924,0.2997614,1.205654,0,1.714564,0,task1Objects_barril4,-0.05135536,0.2245206,1.028092,0,270,0,0.07027461,0.07524079,0.1775625,-0.07833789,-1.267673,-0.001804183,0.09727605,1.567435,1.205114,0.09627604,2.207434,-0.2258861,0.342865,19.44506,19.78792,
#LeftLegCube,-0.08908076,0.2997614,1.206654,0,1.714564,0,task1Objects_barril4,-0.05135536,0.2245206,1.028092,0,270,0,-0.0377254,0.07524079,0.1785625,-0.07833789,-1.267673,-0.001804183,-0.01072396,1.567435,1.206114,0.00927604,2.207434,-0.193886,0.03583717,25.568,25.60384,
#LeftLegCube,-0.2890807,0.2997614,1.216654,0,1.714564,0,task1Objects_barril4,-0.05135536,0.2245206,1.028092,0,270,0,-0.2377254,0.07524079,0.1885625,-0.07833788,-1.267673,-0.00180418,-0.210724,1.567435,1.216114,-0.04072396,2.207434,-0.193886,0.05390167,25.66059,25.71449,
#spineCube,-0.3302971,1.202057,1.230374,0,1.714564,0,task1Objects_barril4,-0.05135536,0.2245206,1.028092,0,270,0,-0.2789417,0.9775365,0.2022824,1.117587E-08,-0.3653774,0.01426683,-0.330724,1.567435,1.216114,-0.240724,2.207434,-0.1838861,0.1462364,25.66059,25.80682,
#RightLegCube,0.03152308,0.2997614,1.201847,0,1.714564,0,task1Objects_barril4,-0.05135536,0.2245206,1.028092,0,270,0,0.08287844,0.07524079,0.173755,0.08233789,-1.267673,-0.001804183,-0.05072396,1.567435,1.206114,-0.08072396,2.207434,-0.193886,0.1240654,28.59567,28.71973,
#LeftLegCube,-0.05908076,0.2997614,1.206654,0,1.714564,0,task1Objects_barril4,-0.05135536,0.2245206,1.028092,0,270,0,-0.007725395,0.07524079,0.1785625,-0.07833789,-1.267673,-0.001804183,0.01927604,1.567435,1.206114,-0.0007239599,2.207434,-0.193886,0.01665306,28.82648,28.84314,
#LeftLegCube,0.0009192452,0.2997614,1.206654,0,1.714564,0,task1Objects_barril4,-0.05135536,0.2245206,1.028092,0,270,0,0.05227461,0.07524079,0.1785625,-0.07833789,-1.267673,-0.001804183,0.07927604,1.567435,1.206114,0.04927604,2.207434,-0.193886,0.2326946,28.88522,29.11791,
#spineCube,0.1797029,1.202057,1.220374,0,1.714564,0,task1Objects_barril4,-0.05135536,0.2245206,1.028092,0,270,0,0.2310583,0.9775365,0.1922824,-3.72529E-09,-0.3653774,0.01426683,0.179276,1.567435,1.206114,0.149276,2.207434,-0.193886,0.334938,28.88522,29.22016,
