#LeftUpLegSphere,0.01670391,0.9210613,1.132793,0,1.714564,0,task1Objects_barril4,-0.05135536,0.2245206,1.028092,0,270,0,0.06805927,0.6965407,0.1047008,-0.07333788,-0.6463733,0.0244955,0.08927605,1.567435,1.106114,0.08927604,2.207434,-0.353886,0.08480263,16.66571,16.75051,
#LeftLegSphere,0.0167039,0.5050613,1.162793,0,1.714564,0,task1Objects_barril4,-0.05135536,0.2245206,1.028092,0,270,0,0.06805926,0.2805406,0.1347008,-0.0733379,-1.062373,0.0244955,0.08927605,1.567435,1.136114,0.08927604,2.207434,-0.2938861,0.285305,16.66571,16.95102,
#LeftUpLegCube,0.01370526,0.7090614,1.202883,0,1.714564,0,task1Objects_barril4,-0.05135536,0.2245206,1.028092,0,270,0,0.06506062,0.4845408,0.1747906,-0.07633787,-0.8583732,0.0244955,0.08927605,1.567435,1.176114,0.08927604,2.207434,-0.2638861,0.3135376,16.66571,16.97925,
#LeftLegCube,0.02091924,0.2997614,1.256654,0,1.714564,0,task1Objects_barril4,-0.05135536,0.2245206,1.028092,0,270,0,0.0722746,0.07524079,0.2285625,-0.07833789,-1.267673,-0.001804183,0.09927604,1.567435,1.256114,0.08927604,2.207434,-0.223886,0.3875198,16.66571,17.05323,
#spineCube,0.09970291,1.202057,1.270374,0,1.714564,0,task1Objects_barril4,-0.05135536,0.2245206,1.028092,0,270,0,0.1510583,0.9775365,0.2422824,3.72529E-09,-0.3653774,0.01426683,0.09927604,1.567435,1.256114,0.08927604,2.207434,-0.223886,0.3935242,16.66571,17.05924,
#LeftLegSphere,0.0167039,0.5050613,0.8227926,0,1.714564,0,task1Objects_barril4,-0.05135536,0.2245206,1.028092,0,270,0,0.06805926,0.2805406,-0.2052993,-0.0733379,-1.062373,0.02449544,0.08927605,1.567435,0.7961139,0.08927604,2.207434,-0.503886,0.06666756,30.66947,30.73614,
#LeftUpLegSphere,0.01670391,0.9210613,0.8227927,0,1.714564,0,task1Objects_barril4,-0.05135536,0.2245206,1.028092,0,270,0,0.06805927,0.6965407,-0.2052992,-0.07333788,-0.6463733,0.0244955,0.08927605,1.567435,0.7961139,0.08927604,2.207434,-0.503886,0.06811333,30.66947,30.73758,
#LeftLegCube,0.01091924,0.2997614,0.7966544,0,1.714564,0,task1Objects_barril4,-0.05135536,0.2245206,1.028092,0,270,0,0.06227461,0.07524079,-0.2314375,-0.07833789,-1.267673,-0.001804183,0.08927605,1.567435,0.7961139,0.08927604,2.207434,-0.503886,0.07113647,30.66947,30.7406,
#LeftUpLegCube,0.01370526,0.7090614,0.8228825,0,1.714564,0,task1Objects_barril4,-0.05135536,0.2245206,1.028092,0,270,0,0.06506062,0.4845408,-0.2052094,-0.07633787,-0.8583732,0.0244955,0.08927605,1.567435,0.7961139,0.08927604,2.207434,-0.503886,0.0735302,30.66947,30.743,
#spineCube,0.07970291,1.202057,0.5203743,0,1.714564,0,task1Objects_barril4,-0.05135536,0.2245206,1.028092,0,270,0,0.1310583,0.9775365,-0.5077176,3.72529E-09,-0.3653774,0.01426683,0.07927604,1.567435,0.5061139,0.08927604,2.207434,-0.6038861,0.08971786,30.66947,30.75919,
#LeftUpLegSphere,0.02670391,0.9210613,1.132793,0,1.714564,0,task1Objects_barril4,-0.05135536,0.2245206,1.028092,0,270,0,0.07805927,0.6965407,0.1047008,-0.07333788,-0.6463733,0.0244955,0.09927604,1.567435,1.106114,0.08927604,2.207434,-0.4238861,0.6043472,34.57136,35.1757,
#LeftLegSphere,0.02670389,0.5050613,1.352793,0,1.714564,0,task1Objects_barril4,-0.05135536,0.2245206,1.028092,0,270,0,0.07805926,0.2805406,0.3247008,-0.0733379,-1.062373,0.0244955,0.09927604,1.567435,1.326114,0.09927604,2.207434,-0.2938861,0.6282043,34.57136,35.19956,
#LeftUpLegCube,0.02370526,0.7090614,1.352883,0,1.714564,0,task1Objects_barril4,-0.05135536,0.2245206,1.028092,0,270,0,0.07506062,0.4845408,0.3247906,-0.07633787,-0.8583732,0.0244955,0.09927604,1.567435,1.326114,0.09927604,2.207434,-0.2938861,0.6306801,34.57136,35.20204,
#LeftLegCube,0.02091924,0.2997614,1.326654,0,1.714564,0,task1Objects_barril4,-0.05135536,0.2245206,1.028092,0,270,0,0.0722746,0.07524079,0.2985625,-0.07833789,-1.267673,-0.001804183,0.09927604,1.567435,1.326114,0.09927604,2.207434,-0.2938861,0.6330643,34.57136,35.20442,
#spineCube,0.09970291,1.202057,1.340374,0,1.714564,0,task1Objects_barril4,-0.05135536,0.2245206,1.028092,0,270,0,0.1510583,0.9775365,0.3122824,3.72529E-09,-0.3653774,0.01426683,0.09927604,1.567435,1.326114,0.09927604,2.207434,-0.2938861,0.6363716,34.57136,35.20773,
#LeftLegSphere,0.006703898,0.5050613,0.7827926,0,1.714564,0,task1Objects_barril4,-0.05135536,0.2245206,1.028092,0,270,0,0.05805926,0.2805406,-0.2452993,-0.0733379,-1.062373,0.02449544,0.07927604,1.567435,0.7561139,0.08927604,2.207434,-0.443886,0.01736832,35.85267,35.87004,
#LeftUpLegSphere,0.006703913,0.9210613,0.7827927,0,1.714564,0,task1Objects_barril4,-0.05135536,0.2245206,1.028092,0,270,0,0.05805928,0.6965407,-0.2452992,-0.07333788,-0.6463733,0.0244955,0.07927604,1.567435,0.7561139,0.08927604,2.207434,-0.443886,0.02009583,35.85267,35.87276,
#LeftLegCube,0.0009192452,0.2997614,0.7566544,0,1.714564,0,task1Objects_barril4,-0.05135536,0.2245206,1.028092,0,270,0,0.05227461,0.07524079,-0.2714375,-0.07833789,-1.267673,-0.001804183,0.07927604,1.567435,0.7561139,0.08927604,2.207434,-0.443886,0.02277756,35.85267,35.87545,
#LeftUpLegCube,0.003705263,0.7090614,0.7828825,0,1.714564,0,task1Objects_barril4,-0.05135536,0.2245206,1.028092,0,270,0,0.05506063,0.4845408,-0.2452095,-0.07633787,-0.8583732,0.0244955,0.07927604,1.567435,0.7561139,0.08927604,2.207434,-0.443886,0.02584076,35.85267,35.87851,
#spineCube,0.07970291,1.202057,0.7703743,0,1.714564,0,task1Objects_barril4,-0.05135536,0.2245206,1.028092,0,270,0,0.1310583,0.9775365,-0.2577176,3.72529E-09,-0.3653774,0.01426683,0.07927604,1.567435,0.7561139,0.08927604,2.207434,-0.443886,0.02829742,35.85267,35.88097,
#LeftUpLegSphere,0.02670391,0.9210613,1.142793,0,1.714564,0,task1Objects_barril4,-0.05135536,0.2245206,1.028092,0,270,0,0.07805927,0.6965407,0.1147008,-0.07333788,-0.6463733,0.0244955,0.09927604,1.567435,1.116114,0.08927604,2.207434,-0.3038861,0.04960251,37.33217,37.38177,
#LeftLegSphere,0.02670389,0.5050613,1.142793,0,1.714564,0,task1Objects_barril4,-0.05135536,0.2245206,1.028092,0,270,0,0.07805926,0.2805406,0.1147008,-0.0733379,-1.062373,0.0244955,0.09927604,1.567435,1.116114,0.08927604,2.207434,-0.3038861,0.051754,37.33217,37.38393,
#LeftUpLegCube,0.02370526,0.7090614,1.262882,0,1.714564,0,task1Objects_barril4,-0.05135536,0.2245206,1.028092,0,270,0,0.07506062,0.4845408,0.2347906,-0.07633787,-0.8583732,0.0244955,0.09927604,1.567435,1.236114,0.09927604,2.207434,-0.2538861,0.4362488,37.33217,37.76842,
#LeftLegCube,0.02091924,0.2997614,1.236654,0,1.714564,0,task1Objects_barril4,-0.05135536,0.2245206,1.028092,0,270,0,0.0722746,0.07524079,0.2085625,-0.07833789,-1.267673,-0.001804183,0.09927604,1.567435,1.236114,0.09927604,2.207434,-0.2538861,0.4448357,37.33217,37.77701,
#spineCube,0.09970291,1.202057,1.250374,0,1.714564,0,task1Objects_barril4,-0.05135536,0.2245206,1.028092,0,270,0,0.1510583,0.9775365,0.2222824,3.72529E-09,-0.3653774,0.01426683,0.09927604,1.567435,1.236114,0.09927604,2.207434,-0.2538861,0.4475937,37.33217,37.77977,
#LeftLegSphere,0.0167039,0.5050613,0.7927927,0,1.714564,0,task1Objects_barril4,-0.05135536,0.2245206,1.028092,0,270,0,0.06805926,0.2805406,-0.2352992,-0.0733379,-1.062373,0.02449544,0.08927605,1.567435,0.7661139,0.08927604,2.207434,-0.4938861,0.03349686,39.10203,39.13552,
#LeftUpLegSphere,0.01670391,0.9210613,0.7927927,0,1.714564,0,task1Objects_barril4,-0.05135536,0.2245206,1.028092,0,270,0,0.06805927,0.6965407,-0.2352992,-0.07333788,-0.6463733,0.0244955,0.08927605,1.567435,0.7661139,0.08927604,2.207434,-0.4938861,0.03490829,39.10203,39.13694,
#LeftLegCube,0.01091924,0.2997614,0.7666544,0,1.714564,0,task1Objects_barril4,-0.05135536,0.2245206,1.028092,0,270,0,0.06227461,0.07524079,-0.2614375,-0.07833789,-1.267673,-0.001804183,0.08927605,1.567435,0.7661139,0.08927604,2.207434,-0.4938861,0.03855133,39.10203,39.14058,
#LeftUpLegCube,0.01370526,0.7090614,0.7928825,0,1.714564,0,task1Objects_barril4,-0.05135536,0.2245206,1.028092,0,270,0,0.06506062,0.4845408,-0.2352094,-0.07633787,-0.8583732,0.0244955,0.08927605,1.567435,0.7661139,0.08927604,2.207434,-0.4938861,0.04147339,39.10203,39.1435,
#spineCube,0.0897029,1.202057,0.7803743,0,1.714564,0,task1Objects_barril4,-0.05135536,0.2245206,1.028092,0,270,0,0.1410583,0.9775365,-0.2477176,-3.72529E-09,-0.3653774,0.01426683,0.08927605,1.567435,0.7661139,0.08927604,2.207434,-0.4938861,0.04391861,39.10203,39.14595,
