#LeftUpLegSphere,0.02670391,0.9210613,1.132793,0,1.714564,0,task1Objects_barril4,-0.05135536,0.2245206,1.028092,0,270,0,0.07805927,0.6965407,0.1047008,-0.07333788,-0.6463733,0.0244955,0.09927604,1.567435,1.106114,0.08927604,2.207434,-0.333886,0.1792603,13.26695,13.44621,
#LeftLegSphere,0.02670389,0.5050613,1.152793,0,1.714564,0,task1Objects_barril4,-0.05135536,0.2245206,1.028092,0,270,0,0.07805926,0.2805406,0.1247008,-0.0733379,-1.062373,0.0244955,0.09927604,1.567435,1.126114,0.09927604,2.207434,-0.2938861,0.2410583,13.26695,13.50801,
#LeftUpLegCube,0.02370526,0.7090614,1.212883,0,1.714564,0,task1Objects_barril4,-0.05135536,0.2245206,1.028092,0,270,0,0.07506062,0.4845408,0.1847906,-0.07633787,-0.8583732,0.0244955,0.09927604,1.567435,1.186114,0.09927604,2.207434,-0.2738861,0.2928247,13.26695,13.55977,
#LeftLegCube,0.02091924,0.2997614,1.276654,0,1.714564,0,task1Objects_barril4,-0.05135536,0.2245206,1.028092,0,270,0,0.0722746,0.07524079,0.2485625,-0.07833789,-1.267673,-0.001804183,0.09927604,1.567435,1.276114,0.09927604,2.207434,-0.213886,0.3569174,13.26695,13.62387,
#spineCube,0.09970291,1.202057,1.290374,0,1.714564,0,task1Objects_barril4,-0.05135536,0.2245206,1.028092,0,270,0,0.1510583,0.9775365,0.2622824,3.72529E-09,-0.3653774,0.01426683,0.09927604,1.567435,1.276114,0.09927604,2.207434,-0.213886,0.3615952,13.26695,13.62854,
#LeftUpLegSphere,0.01670391,0.9210613,0.9127927,0,1.714564,0,task1Objects_barril4,-0.05135536,0.2245206,1.028092,0,270,0,0.06805927,0.6965407,-0.1152992,-0.07333788,-0.6463733,0.0244955,0.08927605,1.567435,0.8861139,0.08927604,2.207434,-0.323886,0.03353596,14.39899,14.43253,
#LeftLegSphere,-0.0032961,0.5050613,0.2227927,0,1.714564,0,task1Objects_barril4,-0.05135536,0.2245206,1.028092,0,270,0,0.04805926,0.2805406,-0.8052992,-0.0733379,-1.062373,0.02449547,0.06927605,1.567435,0.1961139,0.08927604,2.207434,-0.513886,0.09454823,14.39899,14.49354,
#LeftLegCube,-0.009080753,0.2997614,0.1966544,0,1.714564,0,task1Objects_barril4,-0.05135536,0.2245206,1.028092,0,270,0,0.04227461,0.07524079,-0.8314375,-0.07833789,-1.267673,-0.001804183,0.06927605,1.567435,0.1961139,0.08927604,2.207434,-0.513886,0.1032887,14.39899,14.50228,
#LeftUpLegCube,-0.006294735,0.7090614,0.2228824,0,1.714564,0,task1Objects_barril4,-0.05135536,0.2245206,1.028092,0,270,0,0.04506063,0.4845408,-0.8052095,-0.07633787,-0.8583732,0.02449547,0.06927605,1.567435,0.1961139,0.08927604,2.207434,-0.513886,0.1089258,14.39899,14.50792,
#spineCube,0.06970291,1.202057,0.2103743,0,1.714564,0,task1Objects_barril4,-0.05135536,0.2245206,1.028092,0,270,0,0.1210583,0.9775365,-0.8177176,-3.72529E-09,-0.3653774,0.01426681,0.06927605,1.567435,0.1961139,0.08927604,2.207434,-0.513886,0.1135902,14.39899,14.51258,
#LeftLegSphere,-0.0032961,0.5050613,0.3527927,0,1.714564,0,prop_fan_prop_fan_005,-0.03201675,0.1740001,-0.02502584,0,0,0,0.02872065,0.3310612,0.3778185,-0.0733379,-1.062373,0.02449547,0.06927605,1.567435,0.3261139,0.06927604,2.207434,-1.153886,0.5696182,16.5105,17.08012,
#RightLegSphere,0.15231,0.5050613,0.3481348,0,1.714564,0,prop_fan_prop_fan_005,-0.03201675,0.1740001,-0.02502584,0,0,0,0.1843267,0.3310612,0.3731607,0.08233787,-1.062373,0.02449547,0.06927605,1.567435,0.3261139,0.06927604,2.207434,-1.153886,0.5707474,16.5105,17.08125,
#LeftLegCube,-0.009080753,0.2997614,0.3666544,0,1.714564,0,prop_fan_prop_fan_005,-0.03201675,0.1740001,-0.02502584,0,0,0,0.022936,0.1257614,0.3916802,-0.07833789,-1.267673,-0.001804183,0.06927605,1.567435,0.3661139,0.06927604,2.207434,-1.073886,0.5971622,16.5105,17.10766,
#RightLegCube,0.1515231,0.2997614,0.3618469,0,1.714564,0,prop_fan_prop_fan_005,-0.03201675,0.1740001,-0.02502584,0,0,0,0.1835398,0.1257614,0.3868728,0.08233789,-1.267673,-0.001804183,0.06927605,1.567435,0.3661139,0.06927604,2.207434,-1.073886,0.6016121,16.5105,17.11211,
#RightLegCube,0.1615231,0.2997614,0.4818469,0,1.714564,0,obstacle2_support,0.2081652,0.1887213,0.2958713,0,135,0,-0.04664209,0.1110401,0.1859757,0.08233787,-1.267673,-0.001804183,0.07927604,1.567435,0.4861139,0.06927604,2.207434,-1.013886,0.1537247,17.06446,17.21819,
#RightLegCube,0.1615231,0.2997614,0.4818469,0,1.714564,0,obstacle2_bar,0.7293072,0.240933,0.8170133,0,135,0,-0.5677841,0.05882844,-0.3351663,0.08233787,-1.267673,-0.001804183,0.07927604,1.567435,0.4861139,0.06927604,2.207434,-1.013886,0.1615391,17.06364,17.22518,
#RightFootSphere,0.152301,0.09676134,0.2578353,0,1.714564,0,obstacle2_support,0.2081652,0.1887213,0.2958713,0,135,0,-0.05586417,-0.09195996,-0.03803593,0.08233787,-1.470673,0.02419586,0.06927605,1.567435,0.2361139,0.06927604,2.207434,-1.093886,0.09168625,36.13509,36.22678,
#RightLegCube,0.1515231,0.2997614,0.1118469,0,1.714564,0,obstacle2_bar,0.7293072,0.240933,0.8170133,0,135,0,-0.5777841,0.05882844,-0.7051663,0.08233789,-1.267673,-0.001804176,0.06927605,1.567435,0.1161139,0.06927604,2.207434,-1.163886,0.1309624,36.11948,36.25045,
#RightLegCube,0.1515231,0.2997614,0.1118469,0,1.714564,0,obstacle2_support,0.2081652,0.1887213,0.2958713,0,135,0,-0.05664209,0.1110401,-0.1840243,0.08233789,-1.267673,-0.001804176,0.06927605,1.567435,0.1161139,0.06927604,2.207434,-1.163886,0.1246719,36.13509,36.25977,
#RightLegSphere,0.13231,0.5050613,-0.3818652,0,1.714564,0,prop_fan_prop_fan_005,-0.03201675,0.1740001,-0.02502584,0,0,0,0.1643267,0.3310612,-0.3568393,0.08233787,-1.062373,0.02449547,0.04927604,1.567435,-0.4038861,0.05927604,2.207434,-1.743886,1.005722,36.22675,37.23248,
#LeftLegSphere,-0.0232961,0.5050613,-0.3772073,0,1.714564,0,prop_fan_prop_fan_005,-0.03201675,0.1740001,-0.02502584,0,0,0,0.008720651,0.3310612,-0.3521815,-0.0733379,-1.062373,0.02449547,0.04927604,1.567435,-0.4038861,0.05927604,2.207434,-1.743886,1.011799,36.22675,37.23855,
#LeftLegCube,-0.02908076,0.2997614,-0.4033456,0,1.714564,0,prop_fan_prop_fan_005,-0.03201675,0.1740001,-0.02502584,0,0,0,0.002935998,0.1257614,-0.3783197,-0.07833789,-1.267673,-0.001804183,0.04927604,1.567435,-0.4038861,0.05927604,2.207434,-1.743886,1.014153,36.22675,37.24091,
#RightLegCube,0.1315231,0.2997614,-0.4081531,0,1.714564,0,prop_fan_prop_fan_005,-0.03201675,0.1740001,-0.02502584,0,0,0,0.1635398,0.1257614,-0.3831272,0.08233787,-1.267673,-0.001804183,0.04927604,1.567435,-0.4038861,0.05927604,2.207434,-1.743886,1.016243,36.22675,37.243,
