#LeftUpLegSphere,0.02670391,0.9210613,1.222793,0,1.714564,0,task1Objects_barril4,-0.05135536,0.2245206,1.028092,0,270,0,0.07805927,0.6965407,0.1947008,-0.07333788,-0.6463733,0.0244955,0.09927604,1.567435,1.196114,0.08927604,2.207434,-0.313886,0.2549849,9.684432,9.939417,
#LeftLegSphere,0.02670389,0.5050613,1.222793,0,1.714564,0,task1Objects_barril4,-0.05135536,0.2245206,1.028092,0,270,0,0.07805926,0.2805406,0.1947008,-0.0733379,-1.062373,0.0244955,0.09927604,1.567435,1.196114,0.08927604,2.207434,-0.313886,0.2593536,9.684432,9.943786,
#LeftUpLegCube,0.02370526,0.7090614,1.222883,0,1.714564,0,task1Objects_barril4,-0.05135536,0.2245206,1.028092,0,270,0,0.07506062,0.4845408,0.1947906,-0.07633787,-0.8583732,0.0244955,0.09927604,1.567435,1.196114,0.08927604,2.207434,-0.313886,0.2895889,9.684432,9.974021,
#LeftLegCube,0.02091924,0.2997614,1.406654,0,1.714564,0,task1Objects_barril4,-0.05135536,0.2245206,1.028092,0,270,0,0.0722746,0.07524079,0.3785625,-0.07833789,-1.267673,-0.001804183,0.09927604,1.567435,1.406114,0.09927604,2.207434,-0.203886,0.3241186,9.684432,10.00855,
#spineCube,0.09970291,1.202057,1.420374,0,1.714564,0,task1Objects_barril4,-0.05135536,0.2245206,1.028092,0,270,0,0.1510583,0.9775365,0.3922824,3.72529E-09,-0.3653774,0.01426683,0.09927604,1.567435,1.406114,0.09927604,2.207434,-0.203886,0.3267956,9.684432,10.01123,
#LeftUpLegSphere,0.01670391,0.9210613,0.8727927,0,1.714564,0,task1Objects_barril4,-0.05135536,0.2245206,1.028092,0,270,0,0.06805927,0.6965407,-0.1552992,-0.07333788,-0.6463733,0.0244955,0.08927605,1.567435,0.8461139,0.08927604,2.207434,-0.443886,0.03609085,11.59844,11.63453,
#LeftLegSphere,0.0167039,0.5050613,0.8727927,0,1.714564,0,task1Objects_barril4,-0.05135536,0.2245206,1.028092,0,270,0,0.06805926,0.2805406,-0.1552992,-0.0733379,-1.062373,0.02449544,0.08927605,1.567435,0.8461139,0.08927604,2.207434,-0.443886,0.04287243,11.59844,11.64131,
#LeftLegCube,0.01091924,0.2997614,0.8466544,0,1.714564,0,task1Objects_barril4,-0.05135536,0.2245206,1.028092,0,270,0,0.06227461,0.07524079,-0.1814375,-0.07833789,-1.267673,-0.001804183,0.08927605,1.567435,0.8461139,0.08927604,2.207434,-0.443886,0.04516602,11.59844,11.6436,
#LeftUpLegCube,0.003705263,0.7090614,0.7928825,0,1.714564,0,task1Objects_barril4,-0.05135536,0.2245206,1.028092,0,270,0,0.05506063,0.4845408,-0.2352094,-0.07633787,-0.8583732,0.0244955,0.07927604,1.567435,0.7661139,0.08927604,2.207434,-0.5538861,0.06560421,11.59844,11.66404,
#spineCube,0.07970291,1.202057,0.7803743,0,1.714564,0,task1Objects_barril4,-0.05135536,0.2245206,1.028092,0,270,0,0.1310583,0.9775365,-0.2477176,3.72529E-09,-0.3653774,0.01426683,0.07927604,1.567435,0.7661139,0.08927604,2.207434,-0.5538861,0.06825829,11.59844,11.6667,
#LeftLegSphere,-0.0032961,0.5050613,0.3727927,0,1.714564,0,prop_fan_prop_fan_005,-0.03201675,0.1740001,-0.02502584,0,0,0,0.02872065,0.3310612,0.3978185,-0.0733379,-1.062373,0.02449547,0.06927605,1.567435,0.3461139,0.06627604,2.207434,-1.208886,0.1335526,20.91708,21.05063,
#RightLegSphere,0.15231,0.5050613,0.3681348,0,1.714564,0,prop_fan_prop_fan_005,-0.03201675,0.1740001,-0.02502584,0,0,0,0.1843267,0.3310612,0.3931607,0.08233787,-1.062373,0.02449547,0.06927605,1.567435,0.3461139,0.06627604,2.207434,-1.208886,0.1353378,20.91708,21.05242,
#LeftLegCube,-0.009080753,0.2997614,0.3466544,0,1.714564,0,prop_fan_prop_fan_005,-0.03201675,0.1740001,-0.02502584,0,0,0,0.022936,0.1257614,0.3716803,-0.07833789,-1.267673,-0.001804183,0.06927605,1.567435,0.3461139,0.06627604,2.207434,-1.208886,0.1409531,20.91708,21.05803,
#RightLegCube,0.1515231,0.2997614,0.3418469,0,1.714564,0,prop_fan_prop_fan_005,-0.03201675,0.1740001,-0.02502584,0,0,0,0.1835398,0.1257614,0.3668728,0.08233789,-1.267673,-0.001804183,0.06927605,1.567435,0.3461139,0.06627604,2.207434,-1.208886,0.1447716,20.91708,21.06185,
#RightLegCube,0.1515231,0.2997614,0.4418469,0,1.714564,0,obstacle2_support,0.2081652,0.1887213,0.2958713,0,135,0,-0.05664209,0.1110401,0.1459757,0.08233789,-1.267673,-0.001804183,0.06927605,1.567435,0.4461139,0.06927604,2.207434,-1.043886,0.07324982,21.06086,21.13411,
#RightLegCube,0.1515231,0.2997614,0.4418469,0,1.714564,0,obstacle2_bar,0.7293072,0.240933,0.8170133,0,135,0,-0.5777841,0.05882844,-0.3751663,0.08233789,-1.267673,-0.001804183,0.06927605,1.567435,0.4461139,0.06927604,2.207434,-1.043886,0.08359528,21.05992,21.14351,
#RightLegCube,0.1515231,0.2997614,0.201847,0,1.714564,0,obstacle2_bar,0.7293072,0.240933,0.8170133,0,135,0,-0.5777841,0.05882844,-0.6151663,0.08233789,-1.267673,-0.001804168,0.06927605,1.567435,0.2061139,0.06927604,2.207434,-1.123886,0.06624985,23.1008,23.16705,
#RightFootSphere,0.152301,0.09676134,0.2278353,0,1.714564,0,obstacle2_support,0.2081652,0.1887213,0.2958713,0,135,0,-0.05586417,-0.09195996,-0.06803593,0.08233787,-1.470673,0.02419584,0.06927605,1.567435,0.2061139,0.06927604,2.207434,-1.123886,0.03668976,23.13433,23.17102,
#RightLegCube,0.1415231,0.2997614,0.06184695,0,1.714564,0,obstacle2_support,0.2081652,0.1887213,0.2958713,0,135,0,-0.06664209,0.1110401,-0.2340243,0.08233789,-1.267673,-0.001804176,0.05927604,1.567435,0.0661139,0.06927604,2.207434,-1.193886,0.06101799,23.13433,23.19534,
#RightLegSphere,0.13231,0.5050613,-0.3508652,0,1.714564,0,prop_fan_prop_fan_005,-0.03201675,0.1740001,-0.02502584,0,0,0,0.1643267,0.3310612,-0.3258393,0.08233787,-1.062373,0.02449547,0.04927604,1.567435,-0.3728861,0.05227604,2.207434,-1.704886,0.1563454,23.17455,23.3309,
#LeftLegSphere,-0.0232961,0.5050613,-0.3462073,0,1.714564,0,prop_fan_prop_fan_005,-0.03201675,0.1740001,-0.02502584,0,0,0,0.008720651,0.3310612,-0.3211815,-0.0733379,-1.062373,0.02449547,0.04927604,1.567435,-0.3728861,0.05227604,2.207434,-1.704886,0.1587086,23.17455,23.33326,
#RightLegCube,0.1295231,0.2997614,-0.448153,0,1.714564,0,prop_fan_prop_fan_005,-0.03201675,0.1740001,-0.02502584,0,0,0,0.1615398,0.1257614,-0.4231272,0.08233789,-1.267673,-0.001804183,0.04727605,1.567435,-0.4438861,0.04927604,2.207434,-1.772886,0.17486,23.17455,23.34941,
#LeftLegCube,-0.03108075,0.2997614,-0.4433456,0,1.714564,0,prop_fan_prop_fan_005,-0.03201675,0.1740001,-0.02502584,0,0,0,0.0009360015,0.1257614,-0.4183197,-0.07833789,-1.267673,-0.001804183,0.04727605,1.567435,-0.4438861,0.04927604,2.207434,-1.772886,0.1771393,23.17455,23.35169,
#leftHandIndexCube,-0.8799719,1.448763,-1.18317,2.513832,1.714564,0,tunelzinho18_support (1),-0.9280901,0.8645127,-1.36093,0,320,0,0.04811817,0.58425,0.1777599,-0.9055224,-0.1186719,-0.004379406,0.02527604,1.567435,-1.205886,0.02027604,2.207434,-2.742886,0.01568985,30.60769,30.62337,
#leftHandMiddleCube,-0.8765072,1.449701,-1.204663,2.513832,1.714564,0,tunelzinho18_support (1),-0.9280901,0.8645127,-1.36093,0,320,0,0.05158293,0.5851886,0.1562672,-0.9014161,-0.1177332,-0.02575884,0.02527604,1.567435,-1.205886,0.02027604,2.207434,-2.742886,0.01685333,30.60769,30.62454,
#leftHandRingCube,-0.8728594,1.450656,-1.226518,2.513832,1.714564,0,tunelzinho18_support (1),-0.9280901,0.8645127,-1.36093,0,320,0,0.05523074,0.5861429,0.1344122,-0.897116,-0.1167789,-0.04749491,0.02527604,1.567435,-1.205886,0.02027604,2.207434,-2.742886,0.0191803,30.60769,30.62687,
#leftForeArmCube,-0.5778555,1.435734,-0.8466957,2.514003,1.714564,0,tunelzinho18_bar,-0.536046,1.513743,-1.031966,0,320,0,-0.0418095,-0.07800841,0.1852701,-0.6135032,-0.1317004,-0.03017929,0.03627604,1.567435,-0.8348861,0.02827604,2.207434,-2.485886,0.001020432,30.67296,30.67398,
#leftArmCube,-0.2901098,1.435734,-0.5060096,2.514003,1.714564,0,tunelzinho18_bar,-0.536046,1.513743,-1.031966,0,320,0,0.2459362,-0.07800841,0.5259561,-0.3356331,-0.1317004,-0.03017928,0.04627604,1.567435,-0.4858861,0.03627604,2.207434,-2.234886,0.02094269,30.67669,30.69763,
#LeftArm,-0.1391774,1.435734,-0.5105276,2.513832,1.714564,0,tunelzinho18_bar,-0.536046,1.513743,-1.031966,0,320,0,0.3968686,-0.07800841,0.5214381,-0.1846332,-0.1317004,-0.03017928,0.04627604,1.567435,-0.4858861,0.03627604,2.207434,-2.234886,0.02327919,30.67669,30.69996,
#spineCube,0.04670291,1.202057,-0.4716257,0,1.714564,0,tunelzinho18_bar,-0.536046,1.513743,-1.031966,0,320,0,0.5827489,-0.3116854,0.56034,7.940933E-25,-0.3653774,0.01426683,0.04627604,1.567435,-0.4858861,0.03627604,2.207434,-2.234886,0.02660751,30.67669,30.70329,
#spineCube,0.04670291,1.202057,-0.4716257,0,1.714564,0,tunelzinho18_support,-0.144001,0.8645127,-0.7030025,0,320,0,0.1907039,0.3375444,0.2313768,7.940933E-25,-0.3653774,0.01426683,0.04627604,1.567435,-0.4858861,0.03627604,2.207434,-2.234886,0.03793907,30.67018,30.70812,
#rightArmCube,0.3807261,1.435734,-0.5260903,2.514003,181.7146,0,tunelzinho1_bar,0.6849546,1.513743,-0.9940381,0,40,0,-0.3042286,-0.07800841,0.4679478,0.3355032,-0.1317004,-0.03017929,0.04627604,1.567435,-0.4858861,0.03627604,2.207434,-2.234886,0.03811264,30.67297,30.71109,
#rightForeArmCube,0.6667279,1.435734,-0.5346514,2.514003,181.7146,0,tunelzinho1_bar,0.6849546,1.513743,-0.9940381,0,40,0,-0.01822674,-0.07800841,0.4593867,0.6216331,-0.1317004,-0.03017933,0.04627604,1.567435,-0.4858861,0.03627604,2.207434,-2.234886,0.04129601,30.67297,30.71427,
#leftForeArmCube,-0.5678555,1.435734,-0.4976957,2.514003,1.714564,0,tunelzinho17_bar,-0.6522141,1.513743,-0.8388915,0,330,0,0.08435857,-0.07800841,0.3411958,-0.6135032,-0.1317004,-0.03017929,0.04627604,1.567435,-0.4858861,0.03627604,2.207434,-2.234886,0.05544281,30.67299,30.72843,
#leftArmCube,-0.2651098,1.435734,0.3319904,2.514003,1.714564,0,tunelzinho17_bar,-0.6522141,1.513743,-0.8388915,0,330,0,0.3871042,-0.07800841,1.170882,-0.3356331,-0.1317004,-0.03017928,0.07127604,1.567435,0.3521139,0.04627604,2.207434,-1.885886,0.03592491,30.73257,30.7685,
#LeftArm,-0.1141774,1.435734,0.3274724,2.513832,1.714564,0,tunelzinho17_bar,-0.6522141,1.513743,-0.8388915,0,330,0,0.5380366,-0.07800841,1.166364,-0.1846332,-0.1317004,-0.03017928,0.07127604,1.567435,0.3521139,0.04627604,2.207434,-1.885886,0.0674839,30.73257,30.80005,
#leftArmCube,-0.2651098,1.435734,0.3319904,2.514003,1.714564,0,tunelzinho17_support,-0.2090015,0.8645127,-0.5830016,0,330,0,-0.05610827,0.5712215,0.914992,-0.3356331,-0.1317004,-0.03017928,0.07127604,1.567435,0.3521139,0.04627604,2.207434,-1.885886,0.07203484,30.7347,30.80674,
#LeftArm,-0.1141774,1.435734,0.3274724,2.513832,1.714564,0,tunelzinho17_support,-0.2090015,0.8645127,-0.5830016,0,330,0,0.09482413,0.5712215,0.910474,-0.1846332,-0.1317004,-0.03017928,0.07127604,1.567435,0.3521139,0.04627604,2.207434,-1.885886,0.07799911,30.7347,30.8127,
#rightArmCube,0.4057261,1.435734,0.3119097,2.514003,181.7146,0,tunelzinho2_bar,0.8117867,1.513743,-0.7801127,0,30.00001,0,-0.4060606,-0.07800841,1.092022,0.3355032,-0.1317004,-0.03017929,0.07127604,1.567435,0.3521139,0.04627604,2.207434,-1.885886,0.09815788,30.71708,30.81524,
#rightArmCube,0.4057261,1.435734,0.3119097,2.514003,181.7146,0,tunelzinho2_support (1),0.3685741,0.8645127,-0.5242248,0,30.00001,0,0.03715193,0.5712215,0.8361345,0.3355032,-0.1317004,-0.03017929,0.07127604,1.567435,0.3521139,0.04627604,2.207434,-1.885886,0.09827042,30.73258,30.83085,
#leftForeArmCube,-0.5428555,1.435734,0.3403043,2.514003,1.714564,0,tunelzinho16_bar,-0.7509155,1.513743,-0.59304,0,340,0,0.20806,-0.07800841,0.9333443,-0.6135032,-0.1317004,-0.03017929,0.07127604,1.567435,0.3521139,0.04627604,2.207434,-1.885886,0.1009197,30.73256,30.83348,
#leftArmCube,-0.2651098,1.435734,0.3319904,2.514003,1.714564,0,tunelzinho16_bar,-0.7509155,1.513743,-0.59304,0,340,0,0.4858057,-0.07800841,0.9250304,-0.3356331,-0.1317004,-0.03017928,0.07127604,1.567435,0.3521139,0.04627604,2.207434,-1.885886,0.1085854,30.73256,30.84115,
#LeftArm,-0.1141774,1.435734,0.3274724,2.513832,1.714564,0,tunelzinho16_bar,-0.7509155,1.513743,-0.59304,0,340,0,0.6367381,-0.07800841,0.9205124,-0.1846332,-0.1317004,-0.03017928,0.07127604,1.567435,0.3521139,0.04627604,2.207434,-1.885886,0.1115761,30.73256,30.84414,
#leftArmCube,-0.2651098,1.435734,0.3319904,2.514003,1.714564,0,tunelzinho16_support,-0.2700014,0.8645127,-0.4180017,0,340,0,0.004891604,0.5712215,0.749992,-0.3356331,-0.1317004,-0.03017928,0.07127604,1.567435,0.3521139,0.04627604,2.207434,-1.885886,0.1136112,30.73371,30.84732,
#LeftArm,-0.1141774,1.435734,0.3274724,2.513832,1.714564,0,tunelzinho16_support,-0.2700014,0.8645127,-0.4180017,0,340,0,0.155824,0.5712215,0.745474,-0.1846332,-0.1317004,-0.03017928,0.07127604,1.567435,0.3521139,0.04627604,2.207434,-1.885886,0.1165123,30.73371,30.85022,
#rightForeArmCube,0.6917279,1.435734,0.3033486,2.514003,181.7146,0,tunelzinho3_bar,0.8830853,1.513743,-0.5469642,0,20,0,-0.1913573,-0.07800841,0.8503128,0.6216332,-0.1317004,-0.03017929,0.07127604,1.567435,0.3521139,0.04627604,2.207434,-1.885886,0.1397324,30.7182,30.85793,
#rightArmCube,0.4337261,1.435734,1.22591,2.514003,181.7146,0,tunelzinho7_support (1),0.3741722,0.8645127,0.2569222,0,340,0,0.05955386,0.5712215,0.9689875,0.3355032,-0.1317004,-0.03017929,0.09927604,1.567435,1.266114,0.07127604,2.207434,-1.047886,0.04410744,30.86217,30.90628,
#leftArmCube,-0.2371098,1.435734,1.24599,2.514003,1.714564,0,tunelzinho12_support,-0.3270006,0.8645127,0.2779975,0,20,0,0.08989081,0.5712215,0.9679928,-0.3356331,-0.1317004,-0.03017934,0.09927604,1.567435,1.266114,0.07127604,2.207434,-1.047886,0.0420208,30.86768,30.9097,
#LeftArm,-0.08617742,1.435734,1.241472,2.513832,1.714564,0,tunelzinho12_support,-0.3270006,0.8645127,0.2779975,0,20,0,0.2408232,0.5712215,0.9634749,-0.1846332,-0.1317004,-0.03017928,0.09927604,1.567435,1.266114,0.07127604,2.207434,-1.047886,0.04516029,30.86768,30.91284,
#leftArmCube,-0.2371098,1.435734,1.24599,2.514003,1.714564,0,tunelzinho11_support,-0.2830019,0.8645127,0.3989997,0,30.00001,0,0.04589209,0.5712215,0.8469906,-0.3356331,-0.1317004,-0.03017934,0.09927604,1.567435,1.266114,0.07127604,2.207434,-1.047886,0.05140686,30.86436,30.91577,
#LeftArm,-0.08617742,1.435734,1.241472,2.513832,1.714564,0,tunelzinho11_support,-0.2830019,0.8645127,0.3989997,0,30.00001,0,0.1968245,0.5712215,0.8424727,-0.1846332,-0.1317004,-0.03017928,0.09927604,1.567435,1.266114,0.07127604,2.207434,-1.047886,0.0549736,30.86436,30.91934,
#rightArmCube,0.4337261,1.435734,1.22591,2.514003,181.7146,0,tunelzinho7_bar,0.8550854,1.513743,0.4319596,0,340,0,-0.4213593,-0.07800841,0.7939501,0.3355032,-0.1317004,-0.03017929,0.09927604,1.567435,1.266114,0.07127604,2.207434,-1.047886,0.06196785,30.86435,30.92631,
#rightForeArmCube,0.7197279,1.435734,1.217349,2.514003,181.7146,0,tunelzinho7_bar,0.8550854,1.513743,0.4319596,0,340,0,-0.1353574,-0.07800841,0.7853889,0.6216332,-0.1317004,-0.03017932,0.09927604,1.567435,1.266114,0.07127604,2.207434,-1.047886,0.06478882,30.86435,30.92913,
#leftForeArmCube,-0.5148555,1.435734,1.254304,2.514003,1.714564,0,tunelzinho12_bar,-0.8079157,1.513743,0.4530368,0,20,0,0.2930602,-0.07800841,0.8012675,-0.6135032,-0.1317004,-0.03017929,0.09927604,1.567435,1.266114,0.07127604,2.207434,-1.047886,0.06643677,30.86557,30.93201,
#leftArmCube,-0.2371098,1.435734,1.24599,2.514003,1.714564,0,tunelzinho12_bar,-0.8079157,1.513743,0.4530368,0,20,0,0.5708059,-0.07800841,0.7929535,-0.3356331,-0.1317004,-0.03017934,0.09927604,1.567435,1.266114,0.07127604,2.207434,-1.047886,0.06917381,30.86557,30.93475,
#LeftArm,-0.08617742,1.435734,1.241472,2.513832,1.714564,0,tunelzinho12_bar,-0.8079157,1.513743,0.4530368,0,20,0,0.7217383,-0.07800841,0.7884356,-0.1846332,-0.1317004,-0.03017928,0.09927604,1.567435,1.266114,0.07127604,2.207434,-1.047886,0.07524872,30.86557,30.94082,
#leftArmCube,-0.2371098,1.435734,1.24599,2.514003,1.714564,0,tunelzinho11_bar,-0.7262144,1.513743,0.6548877,0,30.00001,0,0.4891046,-0.07800841,0.5911026,-0.3356331,-0.1317004,-0.03017934,0.09927604,1.567435,1.266114,0.07127604,2.207434,-1.047886,0.07775116,30.86559,30.94334,
#LeftArm,-0.08617742,1.435734,1.241472,2.513832,1.714564,0,tunelzinho11_bar,-0.7262144,1.513743,0.6548877,0,30.00001,0,0.640037,-0.07800841,0.5865847,-0.1846332,-0.1317004,-0.03017928,0.09927604,1.567435,1.266114,0.07127604,2.207434,-1.047886,0.0957756,30.86559,30.96136,
#rightHandMiddle,1.007081,1.45063,1.278029,1.081969E-07,2.378683,6.269834E-10,tunelzinho9_support,1.059999,0.8645127,1.193998,0,320,0,-0.05291772,0.5861173,0.08403146,0.908837,-0.1168046,-0.02090126,0.09927604,1.567435,1.326114,0.09927604,2.207434,-0.1338861,0.03305626,30.96827,31.00132,
#rightHandRingCube,1.001452,1.449613,1.253546,1.081969E-07,2.378683,6.269834E-10,tunelzinho9_support,1.059999,0.8645127,1.193998,0,320,0,-0.05854678,0.5851002,0.05954814,0.903943,-0.1178217,-0.04554204,0.09927604,1.567435,1.326114,0.09927604,2.207434,-0.1338861,0.03809929,30.96827,31.00637,
#RightHand,0.8382826,1.435734,1.3738,0,1.714564,0,tunelzinho9_support,1.059999,0.8645127,1.193998,0,320,0,-0.2217159,0.5712215,0.1798021,0.7402409,-0.1317004,-0.03017928,0.09927604,1.567435,1.426114,0.09927604,2.207434,-0.07388604,0.09440041,30.96827,31.06267,
#rightHandMiddle,1.007081,1.45063,1.098029,1.081969E-07,2.378683,6.269834E-10,tunelzinho9_support,1.059999,0.8645127,1.193998,0,320,0,-0.05291772,0.5861173,-0.0959686,0.908837,-0.1168046,-0.02090126,0.09927604,1.567435,1.146114,0.09927604,2.207434,-0.193886,0.0173111,33.64491,33.66222,
#rightHandIndexCube,1.011831,1.44963,1.120739,1.081969E-07,2.378683,6.269834E-10,tunelzinho9_support,1.059999,0.8645127,1.193998,0,320,0,-0.04816711,0.5851172,-0.073259,0.912906,-0.1178046,0.001940326,0.09927604,1.567435,1.146114,0.09927604,2.207434,-0.193886,0.02041245,33.64491,33.66532,
#RightHand,0.8382826,1.435734,1.0938,0,1.714564,0,tunelzinho9_support,1.059999,0.8645127,1.193998,0,320,0,-0.2217159,0.5712215,-0.100198,0.7402409,-0.1317004,-0.03017928,0.09927604,1.567435,1.146114,0.09927604,2.207434,-0.193886,0.03033066,33.64491,33.67524,
#rightForeArmCube,0.699728,1.435734,0.4573486,2.514003,181.7146,0,tunelzinho9_bar,0.6679544,1.513743,0.8650336,0,320,0,0.03177351,-0.07800841,-0.407685,0.6216332,-0.1317004,-0.03017929,0.07927604,1.567435,0.5061139,0.08927604,2.207434,-0.4238861,0.0009384155,33.773,33.77394,
#leftForeArmCube,-0.5348555,1.435734,0.4943043,2.514003,1.714564,0,tunelzinho10_bar,-0.5880461,1.513743,0.859962,0,40,0,0.05319059,-0.07800841,-0.3656577,-0.6135032,-0.1317004,-0.03017929,0.07927604,1.567435,0.5061139,0.08927604,2.207434,-0.4238861,0.003845215,33.77299,33.77683,
#rightArmSphere,0.2676507,1.435734,0.339983,0,1.714564,0,tunelzinho9_support (1),0.2759094,0.8645127,0.5360703,0,320,0,-0.00825876,0.5712215,-0.1960874,0.1993668,-0.1317004,-0.03017931,0.06927605,1.567435,0.3761139,0.07927604,2.207434,-0.8938861,0.03343582,33.77299,33.80643,
#rightArmCube,0.4037261,1.435734,0.3359098,2.514003,181.7146,0,tunelzinho9_bar,0.6679544,1.513743,0.8650336,0,320,0,-0.2642284,-0.07800841,-0.5291239,0.3355032,-0.1317004,-0.03017929,0.06927605,1.567435,0.3761139,0.07927604,2.207434,-0.8938861,0.03382492,33.77678,33.81061,
#rightArmCube,0.4037261,1.435734,0.3359098,2.514003,181.7146,0,tunelzinho9_support (1),0.2759094,0.8645127,0.5360703,0,320,0,0.1278166,0.5712215,-0.2001606,0.3355032,-0.1317004,-0.03017929,0.06927605,1.567435,0.3761139,0.07927604,2.207434,-0.8938861,0.04162598,33.77299,33.81462,
#LeftArm,-0.1161774,1.435734,0.3514724,2.513832,1.714564,0,tunelzinho10_bar,-0.5880461,1.513743,0.859962,0,40,0,0.4718687,-0.07800841,-0.5084896,-0.1846332,-0.1317004,-0.03017928,0.06927605,1.567435,0.3761139,0.07927604,2.207434,-0.8938861,0.04482269,33.77989,33.82471,
#LeftArm,-0.1161774,1.435734,0.3514724,2.513832,1.714564,0,tunelzinho10_support,-0.1960011,0.8645127,0.5309987,0,40,0,0.07982364,0.5712215,-0.1795263,-0.1846332,-0.1317004,-0.03017928,0.06927605,1.567435,0.3761139,0.07927604,2.207434,-0.8938861,0.0606041,33.76846,33.82906,
#leftArmCube,-0.2671098,1.435734,0.3559904,2.514003,1.714564,0,tunelzinho10_bar,-0.5880461,1.513743,0.859962,0,40,0,0.3209363,-0.07800841,-0.5039716,-0.3356331,-0.1317004,-0.03017928,0.06927605,1.567435,0.3761139,0.07927604,2.207434,-0.8938861,0.05278397,33.77989,33.83267,
#leftArmCube,-0.2671098,1.435734,0.3559904,2.514003,1.714564,0,tunelzinho10_support,-0.1960011,0.8645127,0.5309987,0,40,0,-0.07110876,0.5712215,-0.1750083,-0.3356331,-0.1317004,-0.03017928,0.06927605,1.567435,0.3761139,0.07927604,2.207434,-0.8938861,0.07280731,33.76846,33.84126,
#rightForeArmCube,0.6897279,1.435734,0.3273486,2.514003,181.7146,0,tunelzinho8_bar,0.7827864,1.513743,0.6651092,0,330,0,-0.09305847,-0.07800841,-0.3377605,0.6216331,-0.1317004,-0.0301793,0.06927605,1.567435,0.3761139,0.07927604,2.207434,-0.8938861,0.06807709,33.77675,33.84483,
#leftForeArmCube,-0.5448555,1.435734,0.3643043,2.514003,1.714564,0,tunelzinho11_bar,-0.7262144,1.513743,0.6548877,0,30.00001,0,0.1813589,-0.07800841,-0.2905833,-0.6135032,-0.1317004,-0.03017929,0.06927605,1.567435,0.3761139,0.07927604,2.207434,-0.8938861,0.07993317,33.7799,33.85984,
#spineCube,0.06970291,1.202057,0.3903743,0,1.714564,0,tunelzinho9_bar,0.6679544,1.513743,0.8650336,0,320,0,-0.5982515,-0.3116854,-0.4746593,-3.72529E-09,-0.3653774,0.01426683,0.06927605,1.567435,0.3761139,0.07927604,2.207434,-0.8938861,0.08811569,33.77678,33.8649,
#rightForeArmCube,0.6797279,1.435734,-0.1526514,2.514003,181.7146,0,tunelzinho7_bar,0.8550854,1.513743,0.4319596,0,340,0,-0.1753575,-0.07800841,-0.584611,0.6216332,-0.1317004,-0.03017929,0.05927604,1.567435,-0.1038861,0.06927604,2.207434,-1.023886,0.05371094,33.85979,33.91351,
#rightArmCube,0.3937261,1.435734,-0.1440903,2.514003,181.7146,0,tunelzinho8_bar,0.7827864,1.513743,0.6651092,0,330,0,-0.3890603,-0.07800841,-0.8091995,0.3355032,-0.1317004,-0.03017931,0.05927604,1.567435,-0.1038861,0.06927604,2.207434,-1.023886,0.1405258,33.77675,33.91728,
#rightArmCube,0.3937261,1.435734,-0.1440903,2.514003,181.7146,0,tunelzinho8_support (1),0.3395739,0.8645127,0.4092212,0,330,0,0.05415219,0.5712215,-0.5533115,0.3355032,-0.1317004,-0.03017931,0.05927604,1.567435,-0.1038861,0.06927604,2.207434,-1.023886,0.1555481,33.76847,33.92402,
#rightArmCube,0.3937261,1.435734,-0.1440903,2.514003,181.7146,0,tunelzinho7_bar,0.8550854,1.513743,0.4319596,0,340,0,-0.4613593,-0.07800841,-0.5760499,0.3355032,-0.1317004,-0.03017931,0.05927604,1.567435,-0.1038861,0.06927604,2.207434,-1.023886,0.06793976,33.85979,33.92773,
#rightArmCube,0.3937261,1.435734,-0.1440903,2.514003,181.7146,0,tunelzinho7_support (1),0.3741722,0.8645127,0.2569222,0,340,0,0.01955384,0.5712215,-0.4010125,0.3355032,-0.1317004,-0.03017931,0.05927604,1.567435,-0.1038861,0.06927604,2.207434,-1.023886,0.0560379,33.87496,33.931,
#LeftArm,-0.1261774,1.435734,-0.1285276,2.513832,1.714564,0,tunelzinho11_bar,-0.7262144,1.513743,0.6548877,0,30.00001,0,0.600037,-0.07800841,-0.7834153,-0.1846332,-0.1317004,-0.0301793,0.05927604,1.567435,-0.1038861,0.06927604,2.207434,-1.023886,0.1543236,33.7799,33.93423,
#LeftArm,-0.1261774,1.435734,-0.1285276,2.513832,1.714564,0,tunelzinho11_support,-0.2830019,0.8645127,0.3989997,0,30.00001,0,0.1568245,0.5712215,-0.5275273,-0.1846332,-0.1317004,-0.0301793,0.05927604,1.567435,-0.1038861,0.06927604,2.207434,-1.023886,0.172966,33.76844,33.9414,
#LeftArm,-0.1261774,1.435734,-0.1285276,2.513832,1.714564,0,tunelzinho12_bar,-0.8079157,1.513743,0.4530368,0,20,0,0.6817383,-0.07800841,-0.5815644,-0.1846332,-0.1317004,-0.0301793,0.05927604,1.567435,-0.1038861,0.06927604,2.207434,-1.023886,0.06974411,33.87493,33.94468,
#LeftArm,-0.1261774,1.435734,-0.1285276,2.513832,1.714564,0,tunelzinho12_support,-0.3270006,0.8645127,0.2779975,0,20,0,0.2008232,0.5712215,-0.4065251,-0.1846332,-0.1317004,-0.0301793,0.05927604,1.567435,-0.1038861,0.06927604,2.207434,-1.023886,0.1155205,33.85977,33.97529,
#leftArmCube,-0.2771098,1.435734,-0.1240096,2.514003,1.714564,0,tunelzinho11_bar,-0.7262144,1.513743,0.6548877,0,30.00001,0,0.4491046,-0.07800841,-0.7788973,-0.3356331,-0.1317004,-0.03017929,0.05927604,1.567435,-0.1038861,0.06927604,2.207434,-1.023886,0.1993484,33.7799,33.97925,
#leftArmCube,-0.2771098,1.435734,-0.1240096,2.514003,1.714564,0,tunelzinho11_support,-0.2830019,0.8645127,0.3989997,0,30.00001,0,0.005892098,0.5712215,-0.5230093,-0.3356331,-0.1317004,-0.03017929,0.05927604,1.567435,-0.1038861,0.06927604,2.207434,-1.023886,0.2140198,33.76844,33.98246,
#leftArmCube,-0.2771098,1.435734,-0.1240096,2.514003,1.714564,0,tunelzinho12_bar,-0.8079157,1.513743,0.4530368,0,20,0,0.5308059,-0.07800841,-0.5770464,-0.3356331,-0.1317004,-0.03017929,0.05927604,1.567435,-0.1038861,0.06927604,2.207434,-1.023886,0.1107788,33.87493,33.98571,
#leftArmCube,-0.2771098,1.435734,-0.1240096,2.514003,1.714564,0,tunelzinho12_support,-0.3270006,0.8645127,0.2779975,0,20,0,0.04989082,0.5712215,-0.4020071,-0.3356331,-0.1317004,-0.03017929,0.05927604,1.567435,-0.1038861,0.06927604,2.207434,-1.023886,0.1319695,33.85977,33.99174,
#leftForeArmCube,-0.5548555,1.435734,-0.1156957,2.514003,1.714564,0,tunelzinho12_bar,-0.8079157,1.513743,0.4530368,0,20,0,0.2530602,-0.07800841,-0.5687324,-0.6135032,-0.1317004,-0.03017929,0.05927604,1.567435,-0.1038861,0.06927604,2.207434,-1.023886,0.1199265,33.87493,33.99486,
#spineCube,0.05970291,1.202057,-0.08962569,0,1.714564,0,tunelzinho9_support (1),0.2759094,0.8645127,0.5360703,0,320,0,-0.2162065,0.3375444,-0.6256961,7.940933E-25,-0.3653774,0.01426681,0.05927604,1.567435,-0.1038861,0.06927604,2.207434,-1.023886,0.2251854,33.77299,33.99818,
#rightArmCube,0.3777261,1.435734,-0.6300902,2.514003,181.7146,0,tunelzinho4_support (1),0.4059944,0.8645127,-0.2172618,0,10,0,-0.02826834,0.5712215,-0.4128284,0.3355032,-0.1317004,-0.03017929,0.04327605,1.567435,-0.5898861,0.05927604,2.207434,-1.503886,0.04436874,34.00629,34.05066,
#rightArmCube,0.3777261,1.435734,-0.6300902,2.514003,181.7146,0,tunelzinho4_bar,0.909996,1.513743,-0.3061328,0,10,0,-0.53227,-0.07800841,-0.3239574,0.3355032,-0.1317004,-0.03017929,0.04327605,1.567435,-0.5898861,0.05927604,2.207434,-1.503886,0.05800629,34.00085,34.05886,
#LeftArm,-0.1421774,1.435734,-0.6145276,2.513832,1.714564,0,tunelzinho14_support,-0.3450012,0.8645127,-0.08000135,0,0,0,0.2028238,0.5712215,-0.5345262,-0.1846332,-0.1317004,-0.03017928,0.04327605,1.567435,-0.5898861,0.05927604,2.207434,-1.503886,0.05486298,34.00726,34.06212,
#LeftArm,-0.1421774,1.435734,-0.6145276,2.513832,1.714564,0,tunelzinho14_bar,-0.8567791,1.513743,-0.08000326,0,0,0,0.7146017,-0.07800841,-0.5345243,-0.1846332,-0.1317004,-0.03017928,0.04327605,1.567435,-0.5898861,0.05927604,2.207434,-1.503886,0.05810547,34.00725,34.06535,
#leftArmCube,-0.2931098,1.435734,-0.6100096,2.514003,1.714564,0,tunelzinho14_support,-0.3450012,0.8645127,-0.08000135,0,0,0,0.05189142,0.5712215,-0.5300083,-0.3356331,-0.1317004,-0.03017928,0.04327605,1.567435,-0.5898861,0.05927604,2.207434,-1.503886,0.0611763,34.00726,34.06843,
#leftArmCube,-0.2931098,1.435734,-0.6100096,2.514003,1.714564,0,tunelzinho14_bar,-0.8567791,1.513743,-0.08000326,0,0,0,0.5636693,-0.07800841,-0.5300063,-0.3356331,-0.1317004,-0.03017928,0.04327605,1.567435,-0.5898861,0.05927604,2.207434,-1.503886,0.0662117,34.00725,34.07346,
#leftForeArmCube,-0.5708555,1.435734,-0.6016957,2.514003,1.714564,0,tunelzinho14_bar,-0.8567791,1.513743,-0.08000326,0,0,0,0.2859236,-0.07800841,-0.5216924,-0.6135032,-0.1317004,-0.03017929,0.04327605,1.567435,-0.5898861,0.05927604,2.207434,-1.503886,0.0740242,34.00725,34.08127,
#LeftArmSphere,-0.1461774,1.435734,-0.7545276,0,1.714564,0,tunelzinho17_support,-0.2090015,0.8645127,-0.5830016,0,330,0,0.06282413,0.5712215,-0.171526,-0.1846332,-0.1317004,-0.03017928,0.03927604,1.567435,-0.7298861,0.04327604,2.207434,-1.989886,0.02433777,34.08731,34.11164,
#LeftArm,-0.1461774,1.435734,-0.7545276,2.513832,1.714564,0,tunelzinho17_support,-0.2090015,0.8645127,-0.5830016,0,330,0,0.06282413,0.5712215,-0.171526,-0.1846332,-0.1317004,-0.03017928,0.03927604,1.567435,-0.7298861,0.04327604,2.207434,-1.989886,0.02739334,34.08731,34.1147,
#leftArmCube,-0.2971098,1.435734,-0.7500096,2.514003,1.714564,0,tunelzinho17_support,-0.2090015,0.8645127,-0.5830016,0,330,0,-0.08810827,0.5712215,-0.167008,-0.3356331,-0.1317004,-0.03017928,0.03927604,1.567435,-0.7298861,0.04327604,2.207434,-1.989886,0.03072357,34.08731,34.11803,
#rightArmSphere,0.2376507,1.435734,-0.766017,0,1.714564,0,tunelzinho1_support (1),0.2929096,0.8645127,-0.6650748,0,40,0,-0.05525896,0.5712215,-0.1009421,0.1993668,-0.1317004,-0.03017928,0.03927604,1.567435,-0.7298861,0.04327604,2.207434,-1.989886,0.03830719,34.08499,34.12329,
#rightArmCube,0.3737261,1.435734,-0.7700902,2.514003,181.7146,0,tunelzinho2_bar,0.8117867,1.513743,-0.7801127,0,30.00001,0,-0.4380606,-0.07800841,0.01002252,0.3355032,-0.1317004,-0.03017929,0.03927604,1.567435,-0.7298861,0.04327604,2.207434,-1.989886,0.03881073,34.08726,34.12607,
#rightArmCube,0.3737261,1.435734,-0.7700902,2.514003,181.7146,0,tunelzinho1_support (1),0.2929096,0.8645127,-0.6650748,0,40,0,0.08081645,0.5712215,-0.1050154,0.3355032,-0.1317004,-0.03017929,0.03927604,1.567435,-0.7298861,0.04327604,2.207434,-1.989886,0.04473877,34.08499,34.12973,
#leftForeArmCube,-0.5748555,1.435734,-0.7416956,2.514003,1.714564,0,tunelzinho16_bar,-0.7509155,1.513743,-0.59304,0,340,0,0.17606,-0.07800841,-0.1486557,-0.6135032,-0.1317004,-0.03017929,0.03927604,1.567435,-0.7298861,0.04327604,2.207434,-1.989886,0.04543686,34.08736,34.1328,
#LeftArmSphere,-0.1491774,1.435734,-0.8475276,0,1.714564,0,tunelzinho18_support,-0.144001,0.8645127,-0.7030025,0,320,0,-0.00517641,0.5712215,-0.1445252,-0.1846332,-0.1317004,-0.03017928,0.03627604,1.567435,-0.8228861,0.03927604,2.207434,-2.129886,0.05269623,34.12326,34.17596,
#LeftArm,-0.1491774,1.435734,-0.8475276,2.513832,1.714564,0,tunelzinho18_support,-0.144001,0.8645127,-0.7030025,0,320,0,-0.00517641,0.5712215,-0.1445252,-0.1846332,-0.1317004,-0.03017928,0.03627604,1.567435,-0.8228861,0.03927604,2.207434,-2.129886,0.05654907,34.12326,34.17981,
#leftArmCube,-0.3001098,1.435734,-0.8430097,2.514003,1.714564,0,tunelzinho18_support,-0.144001,0.8645127,-0.7030025,0,320,0,-0.1561088,0.5712215,-0.1400072,-0.3356331,-0.1317004,-0.03017928,0.03627604,1.567435,-0.8228861,0.03927604,2.207434,-2.129886,0.06013489,34.12326,34.1834,
#rightForeArmCube,0.6567279,1.435734,-0.8716514,2.514003,181.7146,0,tunelzinho2_bar,0.8117867,1.513743,-0.7801127,0,30.00001,0,-0.1550587,-0.07800841,-0.09153867,0.6216332,-0.1317004,-0.03017932,0.03627604,1.567435,-0.8228861,0.03927604,2.207434,-2.129886,0.1050987,34.08726,34.19236,
#LeftArm,-0.1491774,1.435734,-0.8475276,2.513832,1.714564,0,tunelzinho17_bar,-0.6522141,1.513743,-0.8388915,0,330,0,0.5030366,-0.07800841,-0.008636117,-0.1846332,-0.1317004,-0.03017928,0.03627604,1.567435,-0.8228861,0.03927604,2.207434,-2.129886,0.0608902,34.13979,34.20068,
#leftArmCube,-0.3001098,1.435734,-0.8430097,2.514003,1.714564,0,tunelzinho17_bar,-0.6522141,1.513743,-0.8388915,0,330,0,0.3521042,-0.07800841,-0.004118145,-0.3356331,-0.1317004,-0.03017928,0.03627604,1.567435,-0.8228861,0.03927604,2.207434,-2.129886,0.0679245,34.13979,34.20771,
#LeftArmSphere,-0.1491774,1.435734,-0.8475276,0,1.714564,0,tunelzinho18_bar,-0.536046,1.513743,-1.031966,0,320,0,0.3868686,-0.07800841,0.1844381,-0.1846332,-0.1317004,-0.03017928,0.03627604,1.567435,-0.8228861,0.03927604,2.207434,-2.129886,0.07085419,34.13983,34.21068,
#spineCube,0.03370291,1.202057,-0.9186257,0,1.714564,0,tunelzinho18_support,-0.144001,0.8645127,-0.7030025,0,320,0,0.1777039,0.3375444,-0.2156232,7.940933E-25,-0.3653774,0.01426683,0.03327604,1.567435,-0.9328861,0.03527604,2.207434,-2.247886,0.1734695,34.12326,34.29673,
#rightArmCube,0.3677261,1.435734,-0.9730902,2.514003,181.7146,0,tunelzinho1_bar,0.6849546,1.513743,-0.9940381,0,40,0,-0.3172286,-0.07800841,0.02094787,0.3355032,-0.1317004,-0.03017929,0.03327604,1.567435,-0.9328861,0.03527604,2.207434,-2.247886,0.1768646,34.12324,34.30011,
#spineCube,0.03370291,1.202057,-0.9186257,0,1.714564,0,tunelzinho18_bar,-0.536046,1.513743,-1.031966,0,320,0,0.5697489,-0.3116854,0.1133401,7.940933E-25,-0.3653774,0.01426683,0.03327604,1.567435,-0.9328861,0.03527604,2.207434,-2.247886,8.010864E-05,34.3057,34.30578,
#leftForeArmCube,-0.5898555,1.435734,-1.227696,2.514003,1.714564,0,tunelzinho17_bar,-0.6522141,1.513743,-0.8388915,0,330,0,0.06235856,-0.07800841,-0.3888042,-0.6135032,-0.1317004,-0.03017929,0.02427604,1.567435,-1.215886,0.03327604,2.207434,-2.332886,0.1904793,34.13979,34.33027,
#rightForeArmCube,0.6447279,1.435734,-1.264651,2.514003,181.7146,0,tunelzinho1_bar,0.6849546,1.513743,-0.9940381,0,40,0,-0.0402267,-0.07800841,-0.2706133,0.6216332,-0.1317004,-0.03017932,0.02427604,1.567435,-1.215886,0.03327604,2.207434,-2.332886,0.2101517,34.12324,34.33339,
#leftArmCube,-0.3121098,1.435734,-1.23601,2.514003,1.714564,0,tunelzinho18_bar,-0.536046,1.513743,-1.031966,0,320,0,0.2239362,-0.07800841,-0.204044,-0.3356332,-0.1317004,-0.03017934,0.02427604,1.567435,-1.215886,0.03327604,2.207434,-2.332886,0.03425217,34.3057,34.33995,
#LeftArm,-0.1611774,1.435734,-1.240528,2.513832,1.714564,0,tunelzinho18_bar,-0.536046,1.513743,-1.031966,0,320,0,0.3748686,-0.07800841,-0.2085619,-0.1846332,-0.1317004,-0.03017928,0.02427604,1.567435,-1.215886,0.03327604,2.207434,-2.332886,0.03730774,34.3057,34.34301,
#leftForeArmCube,-0.5908555,1.435734,-1.286696,2.514003,1.714564,0,tunelzinho18_bar,-0.536046,1.513743,-1.031966,0,320,0,-0.05480945,-0.07800841,-0.25473,-0.6135032,-0.1317004,-0.03017929,0.02327604,1.567435,-1.274886,0.02427604,2.207434,-2.615886,0.05670166,34.3057,34.3624,
#leftHandPinkyCube,-0.8695105,1.451508,-1.414655,2.513832,1.714564,0,tunelzinho18_support (1),-0.9280901,0.8645127,-1.36093,0,320,0,0.05857962,0.5869954,-0.05372477,-0.8872287,-0.1159265,-0.06534404,0.01927604,1.567435,-1.375886,0.02127604,2.207434,-2.733886,2.288818E-05,34.83435,34.83438,
#leftHandRingCube,-0.8788593,1.450656,-1.396518,2.513832,1.714564,0,tunelzinho18_support (1),-0.9280901,0.8645127,-1.36093,0,320,0,0.04923075,0.5861429,-0.03558779,-0.897116,-0.1167789,-0.04749491,0.01927604,1.567435,-1.375886,0.02127604,2.207434,-2.733886,0.00535965,34.83435,34.83971,
#leftHandMiddleCube,-0.8845072,1.449701,-1.441663,2.513832,1.714564,0,tunelzinho18_support (1),-0.9280901,0.8645127,-1.36093,0,320,0,0.04358292,0.5851886,-0.08073282,-0.9014161,-0.1177332,-0.02575884,0.01727604,1.567435,-1.442886,0.01927604,2.207434,-2.792886,0.1937714,34.83435,35.02813,
#leftHandIndexCube,-0.8879719,1.448763,-1.42017,2.513832,1.714564,0,tunelzinho18_support (1),-0.9280901,0.8645127,-1.36093,0,320,0,0.04011816,0.58425,-0.0592401,-0.9055224,-0.1186719,-0.004379406,0.01727604,1.567435,-1.442886,0.01927604,2.207434,-2.792886,0.1967468,34.83435,35.0311,
