#LeftUpLegSphere,0.02670391,0.9210613,1.122793,0,1.714564,0,task1Objects_barril4,-0.05135536,0.2245206,1.028092,0,270,0,0.07805927,0.6965407,0.09470081,-0.07333788,-0.6463733,0.0244955,0.09927604,1.567435,1.096114,0.09927604,2.207434,-0.323886,0.1085835,19.11185,19.22044,
#LeftLegSphere,0.02670389,0.5050613,1.182793,0,1.714564,0,task1Objects_barril4,-0.05135536,0.2245206,1.028092,0,270,0,0.07805926,0.2805406,0.1547008,-0.0733379,-1.062373,0.0244955,0.09927604,1.567435,1.156114,0.09927604,2.207434,-0.3038861,0.1425209,19.11185,19.25438,
#LeftUpLegCube,0.02370526,0.7090614,1.222883,0,1.714564,0,task1Objects_barril4,-0.05135536,0.2245206,1.028092,0,270,0,0.07506062,0.4845408,0.1947906,-0.07633787,-0.8583732,0.0244955,0.09927604,1.567435,1.196114,0.09927604,2.207434,-0.2438861,0.3749619,19.11185,19.48682,
#LeftUpLegSphere,0.01670391,0.9210613,0.9127927,0,1.714564,0,task1Objects_barril4,-0.05135536,0.2245206,1.028092,0,270,0,0.06805927,0.6965407,-0.1152992,-0.07333788,-0.6463733,0.0244955,0.08927605,1.567435,0.8861139,0.08927604,2.207434,-0.4938861,0.07430267,20.97375,21.04805,
#LeftLegSphere,0.0167039,0.5050613,0.8527927,0,1.714564,0,task1Objects_barril4,-0.05135536,0.2245206,1.028092,0,270,0,0.06805926,0.2805406,-0.1752992,-0.0733379,-1.062373,0.02449544,0.08927605,1.567435,0.8261139,0.08927604,2.207434,-0.513886,0.1008854,20.97375,21.07463,
#LeftLegCube,0.01091924,0.2997614,0.8266544,0,1.714564,0,task1Objects_barril4,-0.05135536,0.2245206,1.028092,0,270,0,0.06227461,0.07524079,-0.2014375,-0.07833789,-1.267673,-0.001804183,0.08927605,1.567435,0.8261139,0.08927604,2.207434,-0.513886,0.1041183,20.97375,21.07786,
#LeftUpLegCube,0.003705263,0.7090614,0.5128825,0,1.714564,0,task1Objects_barril4,-0.05135536,0.2245206,1.028092,0,270,0,0.05506063,0.4845408,-0.5152094,-0.07633787,-0.8583732,0.0244955,0.07927604,1.567435,0.4861139,0.08927604,2.207434,-0.573886,0.1382275,20.97375,21.11197,
#spineCube,0.07970291,1.202057,0.5003743,0,1.714564,0,task1Objects_barril4,-0.05135536,0.2245206,1.028092,0,270,0,0.1310583,0.9775365,-0.5277176,3.72529E-09,-0.3653774,0.01426683,0.07927604,1.567435,0.4861139,0.08927604,2.207434,-0.573886,0.1419373,20.97375,21.11568,
#LeftLegSphere,-0.0032961,0.5050613,0.3427927,0,1.714564,0,prop_fan_prop_fan_005,-0.03201675,0.1740001,-0.02502584,0,0,0,0.02872065,0.3310612,0.3678185,-0.0733379,-1.062373,0.02449547,0.06927605,1.567435,0.3161139,0.06927604,2.207434,-1.193886,0.2203922,25.10491,25.3253,
#RightLegSphere,0.15231,0.5050613,0.3381348,0,1.714564,0,prop_fan_prop_fan_005,-0.03201675,0.1740001,-0.02502584,0,0,0,0.1843267,0.3310612,0.3631607,0.08233787,-1.062373,0.02449547,0.06927605,1.567435,0.3161139,0.06927604,2.207434,-1.193886,0.2220764,25.10491,25.32699,
#LeftLegCube,0.0009192452,0.2997614,0.5066544,0,1.714564,0,prop_fan_prop_fan_005,-0.03201675,0.1740001,-0.02502584,0,0,0,0.032936,0.1257614,0.5316802,-0.07833789,-1.267673,-0.001804183,0.07927604,1.567435,0.5061139,0.06927604,2.207434,-1.083886,0.2591114,25.10491,25.36402,
#RightLegCube,0.1615231,0.2997614,0.5018469,0,1.714564,0,prop_fan_prop_fan_005,-0.03201675,0.1740001,-0.02502584,0,0,0,0.1935398,0.1257614,0.5268728,0.08233787,-1.267673,-0.001804183,0.07927604,1.567435,0.5061139,0.06927604,2.207434,-1.083886,0.2619209,25.10491,25.36683,
#RightLegCube,0.1615231,0.2997614,0.5018469,0,1.714564,0,obstacle2_support,0.2081652,0.1887213,0.2958713,0,135,0,-0.04664209,0.1110401,0.2059757,0.08233787,-1.267673,-0.001804183,0.07927604,1.567435,0.5061139,0.06927604,2.207434,-1.083886,0.07699203,25.29264,25.36964,
#RightLegCube,0.1615231,0.2997614,0.5018469,0,1.714564,0,obstacle2_bar,0.7293072,0.240933,0.8170133,0,135,0,-0.5677841,0.05882844,-0.3151664,0.08233787,-1.267673,-0.001804183,0.07927604,1.567435,0.5061139,0.06927604,2.207434,-1.083886,0.04572678,25.33073,25.37646,
#RightLegCube,0.1515231,0.2997614,0.1818469,0,1.714564,0,obstacle2_bar,0.7293072,0.240933,0.8170133,0,135,0,-0.5777841,0.05882844,-0.6351663,0.08233789,-1.267673,-0.001804168,0.06927605,1.567435,0.1861139,0.06927604,2.207434,-1.053886,0.09808731,28.38409,28.48218,
#RightLegCube,0.1515231,0.2997614,0.1818469,0,1.714564,0,obstacle2_support,0.2081652,0.1887213,0.2958713,0,135,0,-0.05664209,0.1110401,-0.1140243,0.08233789,-1.267673,-0.001804168,0.06927605,1.567435,0.1861139,0.06927604,2.207434,-1.053886,0.09993172,28.38405,28.48398,
#RightLegSphere,0.13231,0.5050613,-0.3618652,0,1.714564,0,prop_fan_prop_fan_005,-0.03201675,0.1740001,-0.02502584,0,0,0,0.1643267,0.3310612,-0.3368393,0.08233787,-1.062373,0.02449547,0.04927604,1.567435,-0.3838861,0.04927604,2.207434,-1.703886,0.4243298,28.48895,28.91328,
#LeftLegSphere,-0.0232961,0.5050613,-0.3572073,0,1.714564,0,prop_fan_prop_fan_005,-0.03201675,0.1740001,-0.02502584,0,0,0,0.008720651,0.3310612,-0.3321815,-0.0733379,-1.062373,0.02449547,0.04927604,1.567435,-0.3838861,0.04927604,2.207434,-1.703886,0.4343891,28.48895,28.92334,
#RightLegCube,0.1315231,0.2997614,-0.4881531,0,1.714564,0,prop_fan_prop_fan_005,-0.03201675,0.1740001,-0.02502584,0,0,0,0.1635398,0.1257614,-0.4631272,0.08233787,-1.267673,-0.001804183,0.04927604,1.567435,-0.4838861,0.04927604,2.207434,-1.783886,0.4558716,28.48895,28.94482,
#LeftLegCube,-0.02908076,0.2997614,-0.4833456,0,1.714564,0,prop_fan_prop_fan_005,-0.03201675,0.1740001,-0.02502584,0,0,0,0.002935998,0.1257614,-0.4583198,-0.07833789,-1.267673,-0.001804183,0.04927604,1.567435,-0.4838861,0.04927604,2.207434,-1.783886,0.4596367,28.48895,28.94859,
#leftHandIndexCube,-0.8759719,1.448763,-1.20117,2.513832,1.714564,0,tunelzinho18_support (1),-0.9280901,0.8645127,-1.36093,0,320,0,0.05211818,0.58425,0.1597599,-0.9055224,-0.1186719,-0.004379406,0.02927604,1.567435,-1.223886,0.01927604,2.207434,-2.793886,0.03209686,30.97834,31.01044,
#leftHandMiddleCube,-0.8725072,1.449701,-1.222663,2.513832,1.714564,0,tunelzinho18_support (1),-0.9280901,0.8645127,-1.36093,0,320,0,0.05558294,0.5851886,0.1382672,-0.9014161,-0.1177332,-0.02575884,0.02927604,1.567435,-1.223886,0.01927604,2.207434,-2.793886,0.03529358,30.97834,31.01364,
#leftForeArmCube,-0.5748555,1.435734,-0.6956957,2.514003,1.714564,0,tunelzinho18_bar,-0.536046,1.513743,-1.031966,0,320,0,-0.03880948,-0.07800841,0.33627,-0.6135032,-0.1317004,-0.03017929,0.03927604,1.567435,-0.6838861,0.03927604,2.207434,-2.283886,8.583069E-05,31.15425,31.15433,
#rightForeArmCube,0.6597279,1.435734,-0.7326514,2.514003,181.7146,0,tunelzinho1_bar,0.6849546,1.513743,-0.9940381,0,40,0,-0.02522671,-0.07800841,0.2613868,0.6216331,-0.1317004,-0.03017926,0.03927604,1.567435,-0.6838861,0.03927604,2.207434,-2.283886,0.1123619,31.04953,31.16189,
#LeftArmSphere,-0.1361774,1.435734,-0.5385276,0,1.714564,0,tunelzinho18_bar,-0.536046,1.513743,-1.031966,0,320,0,0.3998686,-0.07800841,0.4934381,-0.1846332,-0.1317004,-0.03017928,0.04927604,1.567435,-0.5138861,0.03927604,2.207434,-2.083886,0.07941055,31.15425,31.23366,
#leftArmCube,-0.2871098,1.435734,-0.5340096,2.514003,1.714564,0,tunelzinho18_bar,-0.536046,1.513743,-1.031966,0,320,0,0.2489362,-0.07800841,0.4979561,-0.3356331,-0.1317004,-0.03017928,0.04927604,1.567435,-0.5138861,0.03927604,2.207434,-2.083886,0.08975983,31.15425,31.24401,
#LeftArm,-0.1361774,1.435734,-0.5385276,2.513832,1.714564,0,tunelzinho18_bar,-0.536046,1.513743,-1.031966,0,320,0,0.3998686,-0.07800841,0.4934381,-0.1846332,-0.1317004,-0.03017928,0.04927604,1.567435,-0.5138861,0.03927604,2.207434,-2.083886,0.09320068,31.15425,31.24745,
#spineCube,0.04970291,1.202057,-0.4996257,0,1.714564,0,tunelzinho18_bar,-0.536046,1.513743,-1.031966,0,320,0,0.5857489,-0.3116854,0.53234,7.940933E-25,-0.3653774,0.01426683,0.04927604,1.567435,-0.5138861,0.03927604,2.207434,-2.083886,0.0958786,31.15425,31.25013,
#LeftArmSphere,-0.1361774,1.435734,-0.5385276,0,1.714564,0,tunelzinho18_support,-0.144001,0.8645127,-0.7030025,0,320,0,0.007823586,0.5712215,0.1644748,-0.1846332,-0.1317004,-0.03017928,0.04927604,1.567435,-0.5138861,0.03927604,2.207434,-2.083886,0.1010418,31.15418,31.25522,
#leftArmCube,-0.2871098,1.435734,-0.5340096,2.514003,1.714564,0,tunelzinho18_support,-0.144001,0.8645127,-0.7030025,0,320,0,-0.1431088,0.5712215,0.1689928,-0.3356331,-0.1317004,-0.03017928,0.04927604,1.567435,-0.5138861,0.03927604,2.207434,-2.083886,0.1058693,31.15418,31.26005,
#LeftArm,-0.1361774,1.435734,-0.5385276,2.513832,1.714564,0,tunelzinho18_support,-0.144001,0.8645127,-0.7030025,0,320,0,0.007823586,0.5712215,0.1644748,-0.1846332,-0.1317004,-0.03017928,0.04927604,1.567435,-0.5138861,0.03927604,2.207434,-2.083886,0.1094456,31.15418,31.26362,
#rightArmCube,0.3837261,1.435734,-0.5540903,2.514003,181.7146,0,tunelzinho1_bar,0.6849546,1.513743,-0.9940381,0,40,0,-0.3012286,-0.07800841,0.4399478,0.3355032,-0.1317004,-0.03017929,0.04927604,1.567435,-0.5138861,0.03927604,2.207434,-2.083886,0.08905029,31.17771,31.26676,
#rightArmSphere,0.2476507,1.435734,-0.550017,0,1.714564,0,tunelzinho1_support (1),0.2929096,0.8645127,-0.6650748,0,40,0,-0.04525897,0.5712215,0.1150578,0.1993668,-0.1317004,-0.03017928,0.04927604,1.567435,-0.5138861,0.03927604,2.207434,-2.083886,0.1178875,31.15256,31.27045,
#rightArmCube,0.3837261,1.435734,-0.5540903,2.514003,181.7146,0,tunelzinho1_support (1),0.2929096,0.8645127,-0.6650748,0,40,0,0.09081644,0.5712215,0.1109846,0.3355032,-0.1317004,-0.03017929,0.04927604,1.567435,-0.5138861,0.03927604,2.207434,-2.083886,0.1254616,31.15256,31.27802,
#leftForeArmCube,-0.5648555,1.435734,-0.5256957,2.514003,1.714564,0,tunelzinho17_bar,-0.6522141,1.513743,-0.8388915,0,330,0,0.08735853,-0.07800841,0.3131958,-0.6135032,-0.1317004,-0.03017929,0.04927604,1.567435,-0.5138861,0.03927604,2.207434,-2.083886,0.162178,31.15423,31.31641,
#spineCube,0.04970291,1.202057,-0.4996257,0,1.714564,0,tunelzinho18_support,-0.144001,0.8645127,-0.7030025,0,320,0,0.1937039,0.3375444,0.2033768,7.940933E-25,-0.3653774,0.01426683,0.04927604,1.567435,-0.5138861,0.03927604,2.207434,-2.083886,0.1657257,31.15418,31.3199,
#leftArmCube,-0.2671098,1.435734,0.1359904,2.514003,1.714564,0,tunelzinho17_bar,-0.6522141,1.513743,-0.8388915,0,330,0,0.3851042,-0.07800841,0.9748819,-0.3356331,-0.1317004,-0.03017929,0.06927605,1.567435,0.1561139,0.04927604,2.207434,-1.913886,0.2382679,31.15423,31.3925,
#LeftArm,-0.1161774,1.435734,0.1314724,2.513832,1.714564,0,tunelzinho17_bar,-0.6522141,1.513743,-0.8388915,0,330,0,0.5360366,-0.07800841,0.9703639,-0.1846332,-0.1317004,-0.03017928,0.06927605,1.567435,0.1561139,0.04927604,2.207434,-1.913886,0.2553482,31.15423,31.40958,
#leftArmCube,-0.2671098,1.435734,0.1359904,2.514003,1.714564,0,tunelzinho17_support,-0.2090015,0.8645127,-0.5830016,0,330,0,-0.05810827,0.5712215,0.718992,-0.3356331,-0.1317004,-0.03017929,0.06927605,1.567435,0.1561139,0.04927604,2.207434,-1.913886,0.08821297,31.32859,31.4168,
#LeftArm,-0.1161774,1.435734,0.1314724,2.513832,1.714564,0,tunelzinho17_support,-0.2090015,0.8645127,-0.5830016,0,330,0,0.09282413,0.5712215,0.714474,-0.1846332,-0.1317004,-0.03017928,0.06927605,1.567435,0.1561139,0.04927604,2.207434,-1.913886,0.1150646,31.32859,31.44366,
#rightArmCube,0.4037261,1.435734,0.1159097,2.514003,181.7146,0,tunelzinho2_bar,0.8117867,1.513743,-0.7801127,0,30.00001,0,-0.4080606,-0.07800841,0.8960225,0.3355032,-0.1317004,-0.0301793,0.06927605,1.567435,0.1561139,0.04927604,2.207434,-1.913886,0.1646118,31.3137,31.47831,
#rightForeArmCube,0.6897279,1.435734,0.1073487,2.514003,181.7146,0,tunelzinho2_bar,0.8117867,1.513743,-0.7801127,0,30.00001,0,-0.1220587,-0.07800841,0.8874614,0.6216331,-0.1317004,-0.0301793,0.06927605,1.567435,0.1561139,0.04927604,2.207434,-1.913886,0.168047,31.3137,31.48175,
#rightArmCube,0.4037261,1.435734,0.1159097,2.514003,181.7146,0,tunelzinho2_support (1),0.3685741,0.8645127,-0.5242248,0,30.00001,0,0.03515193,0.5712215,0.6401345,0.3355032,-0.1317004,-0.0301793,0.06927605,1.567435,0.1561139,0.04927604,2.207434,-1.913886,0.1583557,31.3272,31.48556,
#leftForeArmCube,-0.5448555,1.435734,0.1443043,2.514003,1.714564,0,tunelzinho16_bar,-0.7509155,1.513743,-0.59304,0,340,0,0.2060601,-0.07800841,0.7373443,-0.6135032,-0.1317004,-0.03017929,0.06927605,1.567435,0.1561139,0.04927604,2.207434,-1.913886,0.173912,31.32861,31.50252,
#leftArmCube,-0.2671098,1.435734,0.1359904,2.514003,1.714564,0,tunelzinho16_bar,-0.7509155,1.513743,-0.59304,0,340,0,0.4838057,-0.07800841,0.7290304,-0.3356331,-0.1317004,-0.03017929,0.06927605,1.567435,0.1561139,0.04927604,2.207434,-1.913886,0.1874943,31.32861,31.5161,
#LeftArm,-0.1161774,1.435734,0.1314724,2.513832,1.714564,0,tunelzinho16_bar,-0.7509155,1.513743,-0.59304,0,340,0,0.6347381,-0.07800841,0.7245124,-0.1846332,-0.1317004,-0.03017928,0.06927605,1.567435,0.1561139,0.04927604,2.207434,-1.913886,0.1976452,31.32861,31.52625,
#rightForeArmCube,0.6897279,1.435734,0.1073487,2.514003,181.7146,0,tunelzinho3_bar,0.8830853,1.513743,-0.5469642,0,20,0,-0.1933573,-0.07800841,0.6543128,0.6216331,-0.1317004,-0.0301793,0.06927605,1.567435,0.1561139,0.04927604,2.207434,-1.913886,0.2531872,31.27672,31.52991,
#leftArmCube,-0.2571098,1.435734,0.4059904,2.514003,1.714564,0,tunelzinho13_support,-0.3290014,0.8645127,0.1089988,0,10,0,0.07189161,0.5712215,0.2969916,-0.3356331,-0.1317004,-0.03017928,0.07927604,1.567435,0.4261139,0.06927604,2.207434,-1.243886,0.03960037,31.53614,31.57574,
#LeftArm,-0.1061774,1.435734,0.4014724,2.513832,1.714564,0,tunelzinho13_support,-0.3290014,0.8645127,0.1089988,0,10,0,0.222824,0.5712215,0.2924736,-0.1846332,-0.1317004,-0.03017928,0.07927604,1.567435,0.4261139,0.06927604,2.207434,-1.243886,0.04380417,31.53614,31.57994,
#rightArmCube,0.4137261,1.435734,0.3859097,2.514003,181.7146,0,tunelzinho6_support (1),0.4179935,0.8645127,0.1132607,0,350,0,-0.004267484,0.5712215,0.272649,0.3355032,-0.1317004,-0.03017929,0.07927604,1.567435,0.4261139,0.06927604,2.207434,-1.243886,0.05071259,31.53294,31.58365,
#leftForeArmCube,-0.5348555,1.435734,0.4143043,2.514003,1.714564,0,tunelzinho13_bar,-0.833004,1.513743,0.1978688,0,10,0,0.2981485,-0.07800841,0.2164355,-0.6135032,-0.1317004,-0.03017929,0.07927604,1.567435,0.4261139,0.06927604,2.207434,-1.243886,0.05731583,31.53773,31.59505,
#leftArmCube,-0.2571098,1.435734,0.4059904,2.514003,1.714564,0,tunelzinho13_bar,-0.833004,1.513743,0.1978688,0,10,0,0.5758942,-0.07800841,0.2081215,-0.3356331,-0.1317004,-0.03017928,0.07927604,1.567435,0.4261139,0.06927604,2.207434,-1.243886,0.07394218,31.53773,31.61167,
#LeftArm,-0.1061774,1.435734,0.4014724,2.513832,1.714564,0,tunelzinho13_bar,-0.833004,1.513743,0.1978688,0,10,0,0.7268266,-0.07800841,0.2036036,-0.1846332,-0.1317004,-0.03017928,0.07927604,1.567435,0.4261139,0.06927604,2.207434,-1.243886,0.0788517,31.53773,31.61658,
#rightForeArmCube,0.699728,1.435734,0.3773486,2.514003,181.7146,0,tunelzinho6_bar,0.9219971,1.513743,0.2021298,0,350,0,-0.2222691,-0.07800841,0.1752188,0.6216332,-0.1317004,-0.03017929,0.07927604,1.567435,0.4261139,0.06927604,2.207434,-1.243886,0.0979557,31.53615,31.6341,
#rightArmCube,0.4137261,1.435734,0.3859097,2.514003,181.7146,0,tunelzinho6_bar,0.9219971,1.513743,0.2021298,0,350,0,-0.508271,-0.07800841,0.1837799,0.3355032,-0.1317004,-0.03017929,0.07927604,1.567435,0.4261139,0.06927604,2.207434,-1.243886,0.1040173,31.53615,31.64016,
#leftArmCube,-0.2571098,1.435734,0.6459904,2.514003,1.714564,0,tunelzinho11_support,-0.2830019,0.8645127,0.3989997,0,30.00001,0,0.02589208,0.5712215,0.2469907,-0.3356331,-0.1317004,-0.03017928,0.07927604,1.567435,0.6661139,0.07927604,2.207434,-0.9738861,0.06569862,31.62897,31.69467,
#LeftArm,-0.1061774,1.435734,0.6414724,2.513832,1.714564,0,tunelzinho11_support,-0.2830019,0.8645127,0.3989997,0,30.00001,0,0.1768245,0.5712215,0.2424727,-0.1846332,-0.1317004,-0.03017928,0.07927604,1.567435,0.6661139,0.07927604,2.207434,-0.9738861,0.06954956,31.62897,31.69852,
#rightArmSphere,0.2776507,1.435734,0.629983,0,1.714564,0,tunelzinho8_support (1),0.3395739,0.8645127,0.4092212,0,330,0,-0.06192321,0.5712215,0.2207618,0.1993668,-0.1317004,-0.03017928,0.07927604,1.567435,0.6661139,0.07927604,2.207434,-0.9738861,0.08165741,31.62791,31.70957,
#rightArmCube,0.4137261,1.435734,0.6259097,2.514003,181.7146,0,tunelzinho8_support (1),0.3395739,0.8645127,0.4092212,0,330,0,0.0741522,0.5712215,0.2166886,0.3355032,-0.1317004,-0.03017929,0.07927604,1.567435,0.6661139,0.07927604,2.207434,-0.9738861,0.08541107,31.62791,31.71332,
#spineCube,0.07970291,1.202057,0.6803743,0,1.714564,0,tunelzinho9_bar,0.6679544,1.513743,0.8650336,0,320,0,-0.5882515,-0.3116854,-0.1846593,3.72529E-09,-0.3653774,0.01426683,0.07927604,1.567435,0.6661139,0.07927604,2.207434,-0.9738861,0.08692932,31.63204,31.71897,
#LeftArm,-0.1061774,1.435734,0.6414724,2.513832,1.714564,0,tunelzinho11_bar,-0.7262144,1.513743,0.6548877,0,30.00001,0,0.620037,-0.07800841,-0.01341528,-0.1846332,-0.1317004,-0.03017928,0.07927604,1.567435,0.6661139,0.07927604,2.207434,-0.9738861,0.10285,31.62788,31.73073,
#rightForeArmCube,0.699728,1.435734,0.6173487,2.514003,181.7146,0,tunelzinho7_bar,0.8550854,1.513743,0.4319596,0,340,0,-0.1553574,-0.07800841,0.185389,0.6216331,-0.1317004,-0.03017926,0.07927604,1.567435,0.6661139,0.07927604,2.207434,-0.9738861,0.1116772,31.63202,31.7437,
#leftArmCube,-0.2571098,1.435734,0.6459904,2.514003,1.714564,0,tunelzinho11_bar,-0.7262144,1.513743,0.6548877,0,30.00001,0,0.4691046,-0.07800841,-0.008897305,-0.3356331,-0.1317004,-0.03017928,0.07927604,1.567435,0.6661139,0.07927604,2.207434,-0.9738861,0.1196785,31.62788,31.74756,
#rightArmCube,0.4137261,1.435734,0.6259097,2.514003,181.7146,0,tunelzinho7_bar,0.8550854,1.513743,0.4319596,0,340,0,-0.4413593,-0.07800841,0.1939501,0.3355032,-0.1317004,-0.03017929,0.07927604,1.567435,0.6661139,0.07927604,2.207434,-0.9738861,0.1187935,31.63202,31.75081,
#rightArmCube,0.4137261,1.435734,0.6259097,2.514003,181.7146,0,tunelzinho8_bar,0.7827864,1.513743,0.6651092,0,330,0,-0.3690603,-0.07800841,-0.03919941,0.3355032,-0.1317004,-0.03017929,0.07927604,1.567435,0.6661139,0.07927604,2.207434,-0.9738861,0.0127449,31.74367,31.75641,
#leftForeArmCube,-0.5348555,1.435734,0.6543043,2.514003,1.714564,0,tunelzinho12_bar,-0.8079157,1.513743,0.4530368,0,20,0,0.2730602,-0.07800841,0.2012675,-0.6135032,-0.1317004,-0.03017929,0.07927604,1.567435,0.6661139,0.07927604,2.207434,-0.9738861,0.1313477,31.63005,31.76139,
#spineCube,0.0897029,1.202057,0.7703743,0,1.714564,0,tunelzinho9_support (1),0.2759094,0.8645127,0.5360703,0,320,0,-0.1862065,0.3375444,0.234304,-3.72529E-09,-0.3653774,0.01426683,0.08927605,1.567435,0.7561139,0.07927604,2.207434,-0.7338861,0.1532707,31.64397,31.79724,
#leftForeArmCube,-0.5248555,1.435734,0.7443043,2.514003,1.714564,0,tunelzinho11_bar,-0.7262144,1.513743,0.6548877,0,30.00001,0,0.2013589,-0.07800841,0.08941662,-0.6135032,-0.1317004,-0.03017929,0.08927605,1.567435,0.7561139,0.07927604,2.207434,-0.7338861,0.1827335,31.62788,31.81062,
#LeftArm,-0.09617741,1.435734,0.9614724,2.513832,1.714564,0,tunelzinho10_bar,-0.5880461,1.513743,0.859962,0,40,0,0.4918687,-0.07800841,0.1015104,-0.1846332,-0.1317004,-0.03017928,0.08927605,1.567435,0.9861139,0.08927604,2.207434,-0.6438861,0.1736469,31.71892,31.89257,
#rightForeArmCube,0.7097279,1.435734,0.9373486,2.514003,181.7146,0,tunelzinho8_bar,0.7827864,1.513743,0.6651092,0,330,0,-0.07305843,-0.07800841,0.2722394,0.6216332,-0.1317004,-0.03017932,0.08927605,1.567435,0.9861139,0.08927604,2.207434,-0.6438861,0.1527843,31.74367,31.89645,
#leftArmCube,-0.2471098,1.435734,0.9659904,2.514003,1.714564,0,tunelzinho10_bar,-0.5880461,1.513743,0.859962,0,40,0,0.3409362,-0.07800841,0.1060284,-0.3356331,-0.1317004,-0.03017928,0.08927605,1.567435,0.9861139,0.08927604,2.207434,-0.6438861,0.1815147,31.71892,31.90044,
#rightArmCube,0.4237261,1.435734,0.9459097,2.514003,181.7146,0,tunelzinho9_bar,0.6679544,1.513743,0.8650336,0,320,0,-0.2442284,-0.07800841,0.08087611,0.3355032,-0.1317004,-0.03017929,0.08927605,1.567435,0.9861139,0.08927604,2.207434,-0.6438861,0.09477806,31.81043,31.90521,
#leftForeArmCube,-0.5148555,1.435734,1.044304,2.514003,1.714564,0,tunelzinho10_bar,-0.5880461,1.513743,0.859962,0,40,0,0.07319057,-0.07800841,0.1843424,-0.6135032,-0.1317004,-0.03017929,0.09927604,1.567435,1.056114,0.08927604,2.207434,-0.4138861,0.3613682,31.71892,32.08029,
#rightForeArmCube,0.7197279,1.435734,1.317349,2.514003,181.7146,0,tunelzinho9_bar,0.6679544,1.513743,0.8650336,0,320,0,0.05177349,-0.07800841,0.452315,0.6216332,-0.1317004,-0.03017932,0.09927604,1.567435,1.366114,0.09927604,2.207434,-0.2438861,0.4231415,31.81043,32.23357,
#rightHandRingCube,1.001452,1.449613,0.9935459,1.081969E-07,2.378683,6.269834E-10,tunelzinho9_support,1.059999,0.8645127,1.193998,0,320,0,-0.05854678,0.5851002,-0.2004519,0.903943,-0.1178217,-0.0455421,0.09927604,1.567435,1.066114,0.09927604,2.207434,-0.1538861,0.03278732,32.58559,32.61838,
#rightHandMiddle,1.007081,1.45063,1.018029,1.081969E-07,2.378683,6.269834E-10,tunelzinho9_support,1.059999,0.8645127,1.193998,0,320,0,-0.05291772,0.5861173,-0.1759685,0.908837,-0.1168046,-0.02090126,0.09927604,1.567435,1.066114,0.09927604,2.207434,-0.1538861,0.04134369,32.58559,32.62693,
#rightHandIndexCube,1.011831,1.44963,1.040739,1.081969E-07,2.378683,6.269834E-10,tunelzinho9_support,1.059999,0.8645127,1.193998,0,320,0,-0.04816711,0.5851172,-0.1532589,0.912906,-0.1178046,0.001940326,0.09927604,1.567435,1.066114,0.09927604,2.207434,-0.1538861,0.04595566,32.58559,32.63155,
#RightHand,0.8382826,1.435734,1.0138,0,1.714564,0,tunelzinho9_support,1.059999,0.8645127,1.193998,0,320,0,-0.2217159,0.5712215,-0.180198,0.7402409,-0.1317004,-0.03017928,0.09927604,1.567435,1.066114,0.09927604,2.207434,-0.1538861,0.05029678,32.58559,32.63589,
#rightForeArmCube,0.7097279,1.435734,0.6573486,2.514003,181.7146,0,tunelzinho9_bar,0.6679544,1.513743,0.8650336,0,320,0,0.0417735,-0.07800841,-0.207685,0.6216332,-0.1317004,-0.03017932,0.08927605,1.567435,0.7061139,0.08927604,2.207434,-0.633886,0.06414795,32.70916,32.7733,
#leftForeArmCube,-0.5348555,1.435734,0.5843043,2.514003,1.714564,0,tunelzinho10_bar,-0.5880461,1.513743,0.859962,0,40,0,0.05319059,-0.07800841,-0.2756577,-0.6135032,-0.1317004,-0.03017929,0.07927604,1.567435,0.5961139,0.07927604,2.207434,-0.7338861,0.07849121,32.73881,32.8173,
#rightArmSphere,0.2776507,1.435734,0.439983,0,1.714564,0,tunelzinho9_bar,0.6679544,1.513743,0.8650336,0,320,0,-0.3903038,-0.07800841,-0.4250506,0.1993668,-0.1317004,-0.03017931,0.07927604,1.567435,0.4761139,0.07927604,2.207434,-0.8038861,0.02640533,32.81726,32.84366,
#rightForeArmCube,0.699728,1.435734,0.4273486,2.514003,181.7146,0,tunelzinho8_bar,0.7827864,1.513743,0.6651092,0,330,0,-0.08305842,-0.07800841,-0.2377605,0.6216332,-0.1317004,-0.03017929,0.07927604,1.567435,0.4761139,0.07927604,2.207434,-0.8038861,0.0342865,32.81728,32.85156,
#rightArmSphere,0.2776507,1.435734,0.439983,0,1.714564,0,tunelzinho9_support (1),0.2759094,0.8645127,0.5360703,0,320,0,0.00174123,0.5712215,-0.09608737,0.1993668,-0.1317004,-0.03017931,0.07927604,1.567435,0.4761139,0.07927604,2.207434,-0.8038861,0.0390358,32.81726,32.8563,
#rightArmCube,0.4137261,1.435734,0.4359097,2.514003,181.7146,0,tunelzinho9_support (1),0.2759094,0.8645127,0.5360703,0,320,0,0.1378166,0.5712215,-0.1001606,0.3355032,-0.1317004,-0.03017929,0.07927604,1.567435,0.4761139,0.07927604,2.207434,-0.8038861,0.0514183,32.81726,32.86868,
#rightArmCube,0.4137261,1.435734,0.4359097,2.514003,181.7146,0,tunelzinho9_bar,0.6679544,1.513743,0.8650336,0,320,0,-0.2542284,-0.07800841,-0.4291239,0.3355032,-0.1317004,-0.03017929,0.07927604,1.567435,0.4761139,0.07927604,2.207434,-0.8038861,0.008171082,32.86857,32.87674,
#rightForeArmCube,0.6897279,1.435734,0.1173486,2.514003,181.7146,0,tunelzinho7_bar,0.8550854,1.513743,0.4319596,0,340,0,-0.1653575,-0.07800841,-0.314611,0.6216331,-0.1317004,-0.0301793,0.06927605,1.567435,0.1661139,0.07927604,2.207434,-0.9238861,0.05610657,32.85152,32.90763,
#rightArmSphere,0.2676507,1.435734,0.129983,0,1.714564,0,tunelzinho8_support (1),0.3395739,0.8645127,0.4092212,0,330,0,-0.0719232,0.5712215,-0.2792382,0.1993668,-0.1317004,-0.03017929,0.06927605,1.567435,0.1661139,0.07927604,2.207434,-0.9238861,0.03182983,32.88149,32.91332,
#rightArmCube,0.4037261,1.435734,0.1259097,2.514003,181.7146,0,tunelzinho8_bar,0.7827864,1.513743,0.6651092,0,330,0,-0.3790603,-0.07800841,-0.5391994,0.3355032,-0.1317004,-0.03017929,0.06927605,1.567435,0.1661139,0.07927604,2.207434,-0.9238861,0.1008224,32.81728,32.9181,
#rightArmCube,0.4037261,1.435734,0.1259097,2.514003,181.7146,0,tunelzinho8_support (1),0.3395739,0.8645127,0.4092212,0,330,0,0.06415221,0.5712215,-0.2833114,0.3355032,-0.1317004,-0.03017929,0.06927605,1.567435,0.1661139,0.07927604,2.207434,-0.9238861,0.05501175,32.88149,32.9365,
#LeftArm,-0.1161774,1.435734,0.1414724,2.513832,1.714564,0,tunelzinho10_bar,-0.5880461,1.513743,0.859962,0,40,0,0.4718687,-0.07800841,-0.7184896,-0.1846332,-0.1317004,-0.03017928,0.06927605,1.567435,0.1661139,0.07927604,2.207434,-0.9238861,0.2061272,32.73881,32.94493,
#LeftArm,-0.1161774,1.435734,0.1414724,2.513832,1.714564,0,tunelzinho10_support,-0.1960011,0.8645127,0.5309987,0,40,0,0.07982364,0.5712215,-0.3895263,-0.1846332,-0.1317004,-0.03017928,0.06927605,1.567435,0.1661139,0.07927604,2.207434,-0.9238861,0.1290894,32.82272,32.95181,
#LeftArm,-0.1161774,1.435734,0.1414724,2.513832,1.714564,0,tunelzinho11_bar,-0.7262144,1.513743,0.6548877,0,30.00001,0,0.610037,-0.07800841,-0.5134153,-0.1846332,-0.1317004,-0.03017928,0.06927605,1.567435,0.1661139,0.07927604,2.207434,-0.9238861,0.08270645,32.88147,32.96417,
#LeftArm,-0.1161774,1.435734,0.1414724,2.513832,1.714564,0,tunelzinho11_support,-0.2830019,0.8645127,0.3989997,0,30.00001,0,0.1668245,0.5712215,-0.2575273,-0.1846332,-0.1317004,-0.03017928,0.06927605,1.567435,0.1661139,0.07927604,2.207434,-0.9238861,0.1059685,32.88147,32.98744,
#leftArmCube,-0.2671098,1.435734,0.1459904,2.514003,1.714564,0,tunelzinho10_bar,-0.5880461,1.513743,0.859962,0,40,0,0.3209363,-0.07800841,-0.7139716,-0.3356331,-0.1317004,-0.03017929,0.06927605,1.567435,0.1661139,0.07927604,2.207434,-0.9238861,0.2523422,32.73881,32.99115,
#leftArmCube,-0.2671098,1.435734,0.1459904,2.514003,1.714564,0,tunelzinho10_support,-0.1960011,0.8645127,0.5309987,0,40,0,-0.07110876,0.5712215,-0.3850083,-0.3356331,-0.1317004,-0.03017929,0.06927605,1.567435,0.1661139,0.07927604,2.207434,-0.9238861,0.1727409,32.82272,32.99546,
#leftArmCube,-0.2671098,1.435734,0.1459904,2.514003,1.714564,0,tunelzinho11_bar,-0.7262144,1.513743,0.6548877,0,30.00001,0,0.4591046,-0.07800841,-0.5088973,-0.3356331,-0.1317004,-0.03017929,0.06927605,1.567435,0.1661139,0.07927604,2.207434,-0.9238861,0.1181297,32.88147,32.9996,
#leftArmCube,-0.2671098,1.435734,0.1459904,2.514003,1.714564,0,tunelzinho11_support,-0.2830019,0.8645127,0.3989997,0,30.00001,0,0.01589209,0.5712215,-0.2530093,-0.3356331,-0.1317004,-0.03017929,0.06927605,1.567435,0.1661139,0.07927604,2.207434,-0.9238861,0.1224899,32.88147,33.00396,
#leftForeArmCube,-0.5448555,1.435734,0.1543043,2.514003,1.714564,0,tunelzinho11_bar,-0.7262144,1.513743,0.6548877,0,30.00001,0,0.1813589,-0.07800841,-0.5005834,-0.6135032,-0.1317004,-0.03017929,0.06927605,1.567435,0.1661139,0.07927604,2.207434,-0.9238861,0.1265221,32.88147,33.00799,
#leftForeArmCube,-0.5448555,1.435734,0.1543043,2.514003,1.714564,0,tunelzinho12_bar,-0.8079157,1.513743,0.4530368,0,20,0,0.2630602,-0.07800841,-0.2987325,-0.6135032,-0.1317004,-0.03017929,0.06927605,1.567435,0.1661139,0.07927604,2.207434,-0.9238861,0.1303177,32.88142,33.01173,
#spineCube,0.06970291,1.202057,0.1803743,0,1.714564,0,tunelzinho9_bar,0.6679544,1.513743,0.8650336,0,320,0,-0.5982515,-0.3116854,-0.6846593,-3.72529E-09,-0.3653774,0.01426681,0.06927605,1.567435,0.1661139,0.07927604,2.207434,-0.9238861,0.1471024,32.86857,33.01567,
#spineCube,0.06970291,1.202057,0.1803743,0,1.714564,0,tunelzinho9_support (1),0.2759094,0.8645127,0.5360703,0,320,0,-0.2062065,0.3375444,-0.355696,-3.72529E-09,-0.3653774,0.01426681,0.06927605,1.567435,0.1661139,0.07927604,2.207434,-0.9238861,0.2022476,32.81726,33.01951,
#rightForeArmCube,0.6697279,1.435734,-0.3626513,2.514003,181.7146,0,tunelzinho6_bar,0.9219971,1.513743,0.2021298,0,350,0,-0.2522691,-0.07800841,-0.5647812,0.6216332,-0.1317004,-0.03017929,0.04927604,1.567435,-0.3138861,0.06927604,2.207434,-1.233886,0.05332947,33.02343,33.07676,
#rightArmCube,0.3837261,1.435734,-0.3540902,2.514003,181.7146,0,tunelzinho6_bar,0.9219971,1.513743,0.2021298,0,350,0,-0.538271,-0.07800841,-0.5562201,0.3355032,-0.1317004,-0.03017929,0.04927604,1.567435,-0.3138861,0.06927604,2.207434,-1.233886,0.06218719,33.02343,33.08562,
#rightArmCube,0.3837261,1.435734,-0.3540902,2.514003,181.7146,0,tunelzinho6_support (1),0.4179935,0.8645127,0.1132607,0,350,0,-0.03426749,0.5712215,-0.467351,0.3355032,-0.1317004,-0.03017929,0.04927604,1.567435,-0.3138861,0.06927604,2.207434,-1.233886,0.06884384,33.02342,33.09227,
#LeftArm,-0.1361774,1.435734,-0.3385276,2.513832,1.714564,0,tunelzinho13_bar,-0.833004,1.513743,0.1978688,0,10,0,0.6968266,-0.07800841,-0.5363964,-0.1846332,-0.1317004,-0.03017928,0.04927604,1.567435,-0.3138861,0.06927604,2.207434,-1.233886,0.07314682,33.02345,33.09659,
#LeftArm,-0.1361774,1.435734,-0.3385276,2.513832,1.714564,0,tunelzinho13_support,-0.3290014,0.8645127,0.1089988,0,10,0,0.192824,0.5712215,-0.4475264,-0.1846332,-0.1317004,-0.03017928,0.04927604,1.567435,-0.3138861,0.06927604,2.207434,-1.233886,0.07776642,33.02339,33.10115,
#leftArmCube,-0.2871098,1.435734,-0.3340096,2.514003,1.714564,0,tunelzinho13_bar,-0.833004,1.513743,0.1978688,0,10,0,0.5458941,-0.07800841,-0.5318785,-0.3356331,-0.1317004,-0.03017928,0.04927604,1.567435,-0.3138861,0.06927604,2.207434,-1.233886,0.1117935,33.02345,33.13524,
#leftArmCube,-0.2871098,1.435734,-0.3340096,2.514003,1.714564,0,tunelzinho13_support,-0.3290014,0.8645127,0.1089988,0,10,0,0.0418916,0.5712215,-0.4430084,-0.3356331,-0.1317004,-0.03017928,0.04927604,1.567435,-0.3138861,0.06927604,2.207434,-1.233886,0.1187744,33.02339,33.14216,
#leftForeArmCube,-0.5648555,1.435734,-0.3256957,2.514003,1.714564,0,tunelzinho13_bar,-0.833004,1.513743,0.1978688,0,10,0,0.2681485,-0.07800841,-0.5235645,-0.6135032,-0.1317004,-0.03017929,0.04927604,1.567435,-0.3138861,0.06927604,2.207434,-1.233886,0.1234703,33.02345,33.14692,
#rightForeArmCube,0.6697279,1.435734,-0.5726514,2.514003,181.7146,0,tunelzinho4_bar,0.909996,1.513743,-0.3061328,0,10,0,-0.2402681,-0.07800841,-0.2665186,0.6216332,-0.1317004,-0.03017932,0.04927604,1.567435,-0.5238861,0.04927604,2.207434,-1.713886,0.04985046,33.15225,33.2021,
#rightArmCube,0.3837261,1.435734,-0.5640903,2.514003,181.7146,0,tunelzinho3_support (1),0.4021721,0.8645127,-0.3719249,0,20,0,-0.01844603,0.5712215,-0.1921654,0.3355032,-0.1317004,-0.03017929,0.04927604,1.567435,-0.5238861,0.04927604,2.207434,-1.713886,0.08436584,33.15103,33.2354,
#LeftArm,-0.1361774,1.435734,-0.5485276,2.513832,1.714564,0,tunelzinho15_support,-0.3340015,0.8645127,-0.2470031,0,350,0,0.1978241,0.5712215,-0.3015245,-0.1846332,-0.1317004,-0.03017928,0.04927604,1.567435,-0.5238861,0.04927604,2.207434,-1.713886,0.1345177,33.15756,33.29208,
#LeftArm,-0.1361774,1.435734,-0.5485276,2.513832,1.714564,0,tunelzinho16_support,-0.2700014,0.8645127,-0.4180017,0,340,0,0.133824,0.5712215,-0.1305259,-0.1846332,-0.1317004,-0.03017928,0.04927604,1.567435,-0.5238861,0.04927604,2.207434,-1.713886,0.153656,33.15525,33.30891,
#LeftArm,-0.1361774,1.435734,-0.5485276,2.513832,1.714564,0,tunelzinho15_bar,-0.8380041,1.513743,-0.3358712,0,350,0,0.7018267,-0.07800841,-0.2126564,-0.1846332,-0.1317004,-0.03017928,0.04927604,1.567435,-0.5238861,0.04927604,2.207434,-1.713886,0.155014,33.15865,33.31366,
#leftArmCube,-0.2871098,1.435734,-0.5440096,2.514003,1.714564,0,tunelzinho15_support,-0.3340015,0.8645127,-0.2470031,0,350,0,0.04689172,0.5712215,-0.2970065,-0.3356331,-0.1317004,-0.03017928,0.04927604,1.567435,-0.5238861,0.04927604,2.207434,-1.713886,0.1611481,33.15756,33.31871,
#leftArmCube,-0.2871098,1.435734,-0.5440096,2.514003,1.714564,0,tunelzinho16_support,-0.2700014,0.8645127,-0.4180017,0,340,0,-0.01710841,0.5712215,-0.126008,-0.3356331,-0.1317004,-0.03017928,0.04927604,1.567435,-0.5238861,0.04927604,2.207434,-1.713886,0.1728745,33.15525,33.32813,
#leftArmCube,-0.2871098,1.435734,-0.5440096,2.514003,1.714564,0,tunelzinho15_bar,-0.8380041,1.513743,-0.3358712,0,350,0,0.5508943,-0.07800841,-0.2081384,-0.3356331,-0.1317004,-0.03017928,0.04927604,1.567435,-0.5238861,0.04927604,2.207434,-1.713886,0.1760559,33.15865,33.3347,
#leftForeArmCube,-0.5648555,1.435734,-0.5356957,2.514003,1.714564,0,tunelzinho15_bar,-0.8380041,1.513743,-0.3358712,0,350,0,0.2731486,-0.07800841,-0.1998245,-0.6135032,-0.1317004,-0.03017929,0.04927604,1.567435,-0.5238861,0.04927604,2.207434,-1.713886,0.1875801,33.15865,33.34623,
#rightArmCube,0.3837261,1.435734,-0.5640903,2.514003,181.7146,0,tunelzinho3_bar,0.8830853,1.513743,-0.5469642,0,20,0,-0.4993592,-0.07800841,-0.01712608,0.3355032,-0.1317004,-0.03017929,0.04927604,1.567435,-0.5238861,0.04927604,2.207434,-1.713886,0.1991768,33.15223,33.35141,
#rightForeArmCube,0.6597279,1.435734,-0.9426514,2.514003,181.7146,0,tunelzinho3_bar,0.8830853,1.513743,-0.5469642,0,20,0,-0.2233573,-0.07800841,-0.3956872,0.6216332,-0.1317004,-0.03017932,0.03927604,1.567435,-0.8938861,0.04927604,2.207434,-1.923886,0.2482758,33.15223,33.40051,
#rightArmCube,0.3737261,1.435734,-0.9340903,2.514003,181.7146,0,tunelzinho2_support (1),0.3685741,0.8645127,-0.5242248,0,30.00001,0,0.005151927,0.5712215,-0.4098655,0.3355032,-0.1317004,-0.03017929,0.03927604,1.567435,-0.8938861,0.04927604,2.207434,-1.923886,0.06381607,33.35131,33.41512,
#LeftArmSphere,-0.1461774,1.435734,-0.9185276,0,1.714564,0,tunelzinho17_support,-0.2090015,0.8645127,-0.5830016,0,330,0,0.06282413,0.5712215,-0.335526,-0.1846332,-0.1317004,-0.03017928,0.03927604,1.567435,-0.8938861,0.04927604,2.207434,-1.923886,0.07447052,33.35138,33.42585,
#LeftArm,-0.1461774,1.435734,-0.9185276,2.513832,1.714564,0,tunelzinho17_support,-0.2090015,0.8645127,-0.5830016,0,330,0,0.06282413,0.5712215,-0.335526,-0.1846332,-0.1317004,-0.03017928,0.03927604,1.567435,-0.8938861,0.04927604,2.207434,-1.923886,0.09147644,33.35138,33.44286,
#LeftArm,-0.1461774,1.435734,-0.9185276,2.513832,1.714564,0,tunelzinho16_bar,-0.7509155,1.513743,-0.59304,0,340,0,0.6047381,-0.07800841,-0.3254876,-0.1846332,-0.1317004,-0.03017928,0.03927604,1.567435,-0.8938861,0.04927604,2.207434,-1.923886,0.09754181,33.35139,33.44893,
#leftArmCube,-0.2971098,1.435734,-0.9140096,2.514003,1.714564,0,tunelzinho17_support,-0.2090015,0.8645127,-0.5830016,0,330,0,-0.08810827,0.5712215,-0.331008,-0.3356331,-0.1317004,-0.03017928,0.03927604,1.567435,-0.8938861,0.04927604,2.207434,-1.923886,0.108963,33.35138,33.46034,
#leftArmCube,-0.2971098,1.435734,-0.9140096,2.514003,1.714564,0,tunelzinho16_bar,-0.7509155,1.513743,-0.59304,0,340,0,0.4538057,-0.07800841,-0.3209696,-0.3356331,-0.1317004,-0.03017928,0.03927604,1.567435,-0.8938861,0.04927604,2.207434,-1.923886,0.1463928,33.35139,33.49778,
#leftForeArmCube,-0.5748555,1.435734,-0.9056957,2.514003,1.714564,0,tunelzinho16_bar,-0.7509155,1.513743,-0.59304,0,340,0,0.17606,-0.07800841,-0.3126557,-0.6135032,-0.1317004,-0.03017929,0.03927604,1.567435,-0.8938861,0.04927604,2.207434,-1.923886,0.1621857,33.35139,33.51357,
#rightForeArmCube,0.6597279,1.435734,-0.9426514,2.514003,181.7146,0,tunelzinho2_bar,0.8117867,1.513743,-0.7801127,0,30.00001,0,-0.1520587,-0.07800841,-0.1625386,0.6216332,-0.1317004,-0.03017932,0.03927604,1.567435,-0.8938861,0.04927604,2.207434,-1.923886,0.170887,33.36018,33.53106,
#rightArmCube,0.3737261,1.435734,-0.9340903,2.514003,181.7146,0,tunelzinho2_bar,0.8117867,1.513743,-0.7801127,0,30.00001,0,-0.4380606,-0.07800841,-0.1539775,0.3355032,-0.1317004,-0.03017929,0.03927604,1.567435,-0.8938861,0.04927604,2.207434,-1.923886,0.1752815,33.36018,33.53546,
#LeftArm,-0.1461774,1.435734,-0.9185276,2.513832,1.714564,0,tunelzinho17_bar,-0.6522141,1.513743,-0.8388915,0,330,0,0.5060366,-0.07800841,-0.0796361,-0.1846332,-0.1317004,-0.03017928,0.03927604,1.567435,-0.8938861,0.04927604,2.207434,-1.923886,0.1815109,33.36015,33.54166,
#leftArmCube,-0.2971098,1.435734,-0.9140096,2.514003,1.714564,0,tunelzinho17_bar,-0.6522141,1.513743,-0.8388915,0,330,0,0.3551042,-0.07800841,-0.07511812,-0.3356331,-0.1317004,-0.03017928,0.03927604,1.567435,-0.8938861,0.04927604,2.207434,-1.923886,4.959106E-05,33.54632,33.54637,
#spineCube,0.02970291,1.202057,-1.139626,0,1.714564,0,tunelzinho18_support,-0.144001,0.8645127,-0.7030025,0,320,0,0.1737039,0.3375444,-0.4366232,7.940933E-25,-0.3653774,0.01426683,0.02927604,1.567435,-1.153886,0.03927604,2.207434,-2.293886,0.07826233,33.5354,33.61366,
#rightForeArmCube,0.6497279,1.435734,-1.202651,2.514003,181.7146,0,tunelzinho1_bar,0.6849546,1.513743,-0.9940381,0,40,0,-0.0352267,-0.07800841,-0.2086133,0.6216332,-0.1317004,-0.03017932,0.02927604,1.567435,-1.153886,0.03927604,2.207434,-2.293886,0.08430481,33.53537,33.61967,
#LeftArm,-0.1561774,1.435734,-1.178528,2.513832,1.714564,0,tunelzinho18_bar,-0.536046,1.513743,-1.031966,0,320,0,0.3798686,-0.07800841,-0.1465619,-0.1846332,-0.1317004,-0.03017928,0.02927604,1.567435,-1.153886,0.03927604,2.207434,-2.293886,0.07574463,33.55093,33.62667,
#spineCube,0.02970291,1.202057,-1.139626,0,1.714564,0,tunelzinho18_bar,-0.536046,1.513743,-1.031966,0,320,0,0.5657489,-0.3116854,-0.1076599,7.940933E-25,-0.3653774,0.01426683,0.02927604,1.567435,-1.153886,0.03927604,2.207434,-2.293886,0.0803833,33.55093,33.63131,
#leftForeArmCube,-0.5848555,1.435734,-1.165696,2.514003,1.714564,0,tunelzinho17_bar,-0.6522141,1.513743,-0.8388915,0,330,0,0.06735855,-0.07800841,-0.3268042,-0.6135032,-0.1317004,-0.03017929,0.02927604,1.567435,-1.153886,0.03927604,2.207434,-2.293886,0.08916092,33.54632,33.63548,
#leftArmCube,-0.3071098,1.435734,-1.17401,2.514003,1.714564,0,tunelzinho18_bar,-0.536046,1.513743,-1.031966,0,320,0,0.2289362,-0.07800841,-0.1420439,-0.3356331,-0.1317004,-0.03017934,0.02927604,1.567435,-1.153886,0.03927604,2.207434,-2.293886,0.09197617,33.55093,33.64291,
#leftForeArmCube,-0.5948555,1.435734,-1.325696,2.514003,1.714564,0,tunelzinho18_bar,-0.536046,1.513743,-1.031966,0,320,0,-0.05880946,-0.07800841,-0.2937299,-0.6135032,-0.1317004,-0.03017929,0.01927604,1.567435,-1.313886,0.02927604,2.207434,-2.653886,0.5301018,33.55093,34.08103,
#leftHandPinkyCube,-0.8695105,1.451508,-1.382655,2.513832,1.714564,0,tunelzinho18_support (1),-0.9280901,0.8645127,-1.36093,0,320,0,0.05857962,0.5869954,-0.02172482,-0.8872287,-0.1159265,-0.06534404,0.01927604,1.567435,-1.343886,0.01927604,2.207434,-2.723886,3.433228E-05,34.46814,34.46817,
#leftHandRingCube,-0.8788593,1.450656,-1.404518,2.513832,1.714564,0,tunelzinho18_support (1),-0.9280901,0.8645127,-1.36093,0,320,0,0.04923075,0.5861429,-0.0435878,-0.897116,-0.1167789,-0.04749491,0.01927604,1.567435,-1.383886,0.01927604,2.207434,-2.763886,0.1926575,34.46814,34.66079,
#leftHandMiddleCube,-0.8825071,1.449701,-1.462663,2.513832,1.714564,0,tunelzinho18_support (1),-0.9280901,0.8645127,-1.36093,0,320,0,0.04558295,0.5851886,-0.1017329,-0.9014161,-0.1177332,-0.02575884,0.01927604,1.567435,-1.463886,0.01927604,2.207434,-2.783886,0.3134727,34.46814,34.78161,
#leftHandIndexCube,-0.8859719,1.448763,-1.44117,2.513832,1.714564,0,tunelzinho18_support (1),-0.9280901,0.8645127,-1.36093,0,320,0,0.04211819,0.58425,-0.08024013,-0.9055224,-0.1186719,-0.004379406,0.01927604,1.567435,-1.463886,0.01927604,2.207434,-2.783886,0.3204651,34.46814,34.7886,
#leftHandIndexCube,-0.8859719,1.448763,-1.28117,2.513832,1.714564,0,tunelzinho18_support (1),-0.9280901,0.8645127,-1.36093,0,320,0,0.04211819,0.58425,0.07975996,-0.9055224,-0.1186719,-0.004379406,0.01927604,1.567435,-1.303886,0.01927604,2.207434,-2.753886,0.02023697,36.79742,36.81766,
#leftHandMiddleCube,-0.8825071,1.449701,-1.302663,2.513832,1.714564,0,tunelzinho18_support (1),-0.9280901,0.8645127,-1.36093,0,320,0,0.04558295,0.5851886,0.05826724,-0.9014161,-0.1177332,-0.02575884,0.01927604,1.567435,-1.303886,0.01927604,2.207434,-2.753886,0.0242691,36.79742,36.82169,
#leftHandRingCube,-0.8788593,1.450656,-1.324518,2.513832,1.714564,0,tunelzinho18_support (1),-0.9280901,0.8645127,-1.36093,0,320,0,0.04923075,0.5861429,0.03641224,-0.897116,-0.1167789,-0.04749491,0.01927604,1.567435,-1.303886,0.01927604,2.207434,-2.753886,0.0285759,36.79742,36.826,
#LeftArm,-0.1561774,1.435734,-1.118528,2.513832,1.714564,0,tunelzinho18_bar,-0.536046,1.513743,-1.031966,0,320,0,0.3798686,-0.07800841,-0.08656192,-0.1846332,-0.1317004,-0.03017928,0.02927604,1.567435,-1.093886,0.03927604,2.207434,-2.343886,0.4544754,37.0262,37.48068,
#leftForeArmCube,-0.5848555,1.435734,-1.105696,2.514003,1.714564,0,tunelzinho17_bar,-0.6522141,1.513743,-0.8388915,0,330,0,0.06735855,-0.07800841,-0.2668042,-0.6135032,-0.1317004,-0.03017929,0.02927604,1.567435,-1.093886,0.03927604,2.207434,-2.343886,0.4247131,37.07537,37.50008,
#leftArmCube,-0.3071098,1.435734,-1.11401,2.514003,1.714564,0,tunelzinho18_bar,-0.536046,1.513743,-1.031966,0,320,0,0.2289362,-0.07800841,-0.08204401,-0.3356331,-0.1317004,-0.03017934,0.02927604,1.567435,-1.093886,0.03927604,2.207434,-2.343886,0.4844437,37.0262,37.51065,
#rightForeArmCube,0.6497279,1.435734,-1.282651,2.514003,181.7146,0,tunelzinho1_bar,0.6849546,1.513743,-0.9940381,0,40,0,-0.0352267,-0.07800841,-0.2886133,0.6216332,-0.1317004,-0.03017932,0.02927604,1.567435,-1.233886,0.02927604,2.207434,-2.493886,0.5709419,36.9705,37.54145,
#leftForeArmCube,-0.5948555,1.435734,-1.335696,2.514003,1.714564,0,tunelzinho18_bar,-0.536046,1.513743,-1.031966,0,320,0,-0.05880946,-0.07800841,-0.3037299,-0.6135032,-0.1317004,-0.03017929,0.01927604,1.567435,-1.323886,0.02927604,2.207434,-2.633886,0.5526352,37.0262,37.57884,
#leftHandPinkyCube,-0.8695105,1.451508,-1.402655,2.513832,1.714564,0,tunelzinho18_support (1),-0.9280901,0.8645127,-1.36093,0,320,0,0.05857962,0.5869954,-0.0417248,-0.8872287,-0.1159265,-0.06534404,0.01927604,1.567435,-1.363886,0.01927604,2.207434,-2.723886,3.433228E-05,37.60987,37.60991,
#leftHandRingCube,-0.8788593,1.450656,-1.414518,2.513832,1.714564,0,tunelzinho18_support (1),-0.9280901,0.8645127,-1.36093,0,320,0,0.04923075,0.5861429,-0.05358779,-0.897116,-0.1167789,-0.04749491,0.01927604,1.567435,-1.393886,0.01927604,2.207434,-2.763886,0.06721497,37.60987,37.67709,
#leftHandMiddleCube,-0.8825071,1.449701,-1.512663,2.513832,1.714564,0,tunelzinho18_support (1),-0.9280901,0.8645127,-1.36093,0,320,0,0.04558295,0.5851886,-0.1517328,-0.9014161,-0.1177332,-0.02575884,0.01927604,1.567435,-1.513886,0.01927604,2.207434,-2.793886,0.09770966,37.60987,37.70758,
#leftHandIndexCube,-0.8859719,1.448763,-1.49117,2.513832,1.714564,0,tunelzinho18_support (1),-0.9280901,0.8645127,-1.36093,0,320,0,0.04211819,0.58425,-0.1302401,-0.9055224,-0.1186719,-0.004379406,0.01927604,1.567435,-1.513886,0.01927604,2.207434,-2.793886,0.1020393,37.60987,37.71191,
