#LeftUpLegSphere,0.01670391,0.9210613,1.132793,0,1.714564,0,task1Objects_barril4,-0.05135536,0.2245206,1.028092,0,270,0,0.06805927,0.6965407,0.1047008,-0.07333788,-0.6463733,0.0244955,0.08927605,1.567435,1.106114,0.08927604,2.207434,-0.313886,0.2406816,6.775697,7.016379,
#LeftLegSphere,0.02670389,0.5050613,1.152793,0,1.714564,0,task1Objects_barril4,-0.05135536,0.2245206,1.028092,0,270,0,0.07805926,0.2805406,0.1247008,-0.0733379,-1.062373,0.0244955,0.09927604,1.567435,1.126114,0.08927604,2.207434,-0.2938861,0.2641363,6.775697,7.039834,
#LeftUpLegCube,0.02370526,0.7090614,1.232882,0,1.714564,0,task1Objects_barril4,-0.05135536,0.2245206,1.028092,0,270,0,0.07506062,0.4845408,0.2047906,-0.07633787,-0.8583732,0.0244955,0.09927604,1.567435,1.206114,0.09927604,2.207434,-0.2638861,0.320776,6.775697,7.096473,
#LeftLegCube,0.02091924,0.2997614,1.206654,0,1.714564,0,task1Objects_barril4,-0.05135536,0.2245206,1.028092,0,270,0,0.0722746,0.07524079,0.1785625,-0.07833789,-1.267673,-0.001804183,0.09927604,1.567435,1.206114,0.09927604,2.207434,-0.2638861,0.3293929,6.775697,7.10509,
#spineCube,0.09970291,1.202057,1.260374,0,1.714564,0,task1Objects_barril4,-0.05135536,0.2245206,1.028092,0,270,0,0.1510583,0.9775365,0.2322824,3.72529E-09,-0.3653774,0.01426683,0.09927604,1.567435,1.246114,0.09927604,2.207434,-0.1838861,0.4064565,6.775697,7.182154,
#LeftUpLegSphere,0.01670391,0.9210613,0.8827927,0,1.714564,0,task1Objects_barril4,-0.05135536,0.2245206,1.028092,0,270,0,0.06805927,0.6965407,-0.1452992,-0.07333788,-0.6463733,0.0244955,0.08927605,1.567435,0.8561139,0.08927604,2.207434,-0.4038861,0.04798412,8.65111,8.699094,
#LeftLegSphere,0.0167039,0.5050613,0.8827927,0,1.714564,0,task1Objects_barril4,-0.05135536,0.2245206,1.028092,0,270,0,0.06805926,0.2805406,-0.1452993,-0.0733379,-1.062373,0.02449544,0.08927605,1.567435,0.8561139,0.08927604,2.207434,-0.4038861,0.05007172,8.65111,8.701181,
#LeftLegCube,0.0009192452,0.2997614,0.6966544,0,1.714564,0,task1Objects_barril4,-0.05135536,0.2245206,1.028092,0,270,0,0.05227461,0.07524079,-0.3314375,-0.07833789,-1.267673,-0.001804183,0.07927604,1.567435,0.6961139,0.08927604,2.207434,-0.5438861,0.07402992,8.65111,8.72514,
#LeftUpLegCube,0.003705263,0.7090614,0.7228825,0,1.714564,0,task1Objects_barril4,-0.05135536,0.2245206,1.028092,0,270,0,0.05506063,0.4845408,-0.3052094,-0.07633787,-0.8583732,0.0244955,0.07927604,1.567435,0.6961139,0.08927604,2.207434,-0.5438861,0.07635212,8.65111,8.727462,
#spineCube,0.07970291,1.202057,0.7103744,0,1.714564,0,task1Objects_barril4,-0.05135536,0.2245206,1.028092,0,270,0,0.1310583,0.9775365,-0.3177176,3.72529E-09,-0.3653774,0.01426683,0.07927604,1.567435,0.6961139,0.08927604,2.207434,-0.5438861,0.07969666,8.65111,8.730806,
#RightLegSphere,0.15231,0.5050613,0.3181348,0,1.714564,0,prop_fan_prop_fan_005,-0.03201675,0.1740001,-0.02502584,0,0,0,0.1843267,0.3310612,0.3431607,0.08233787,-1.062373,0.02449547,0.06927605,1.567435,0.2961139,0.06627604,2.207434,-1.211886,0.1233273,10.52496,10.64829,
#LeftLegSphere,-0.0032961,0.5050613,0.3227927,0,1.714564,0,prop_fan_prop_fan_005,-0.03201675,0.1740001,-0.02502584,0,0,0,0.02872065,0.3310612,0.3478185,-0.0733379,-1.062373,0.02449547,0.06927605,1.567435,0.2961139,0.06627604,2.207434,-1.211886,0.1262789,10.52496,10.65124,
#LeftLegCube,0.0009192452,0.2997614,0.4966544,0,1.714564,0,prop_fan_prop_fan_005,-0.03201675,0.1740001,-0.02502584,0,0,0,0.032936,0.1257614,0.5216802,-0.07833789,-1.267673,-0.001804183,0.07927604,1.567435,0.4961139,0.06927604,2.207434,-1.103886,0.1423235,10.52496,10.66728,
#RightLegCube,0.1615231,0.2997614,0.4918469,0,1.714564,0,prop_fan_prop_fan_005,-0.03201675,0.1740001,-0.02502584,0,0,0,0.1935398,0.1257614,0.5168728,0.08233787,-1.267673,-0.001804183,0.07927604,1.567435,0.4961139,0.06927604,2.207434,-1.103886,0.144248,10.52496,10.66921,
#RightFootSphere,0.162301,0.09676134,0.5178353,0,1.714564,0,obstacle2_support,0.2081652,0.1887213,0.2958713,0,135,0,-0.04586416,-0.09195996,0.2219641,0.08233788,-1.470673,0.02419586,0.07927604,1.567435,0.4961139,0.06927604,2.207434,-1.103886,0.01986504,10.65121,10.67107,
#RightLegCube,0.1615231,0.2997614,0.4918469,0,1.714564,0,obstacle2_support,0.2081652,0.1887213,0.2958713,0,135,0,-0.04664209,0.1110401,0.1959757,0.08233787,-1.267673,-0.001804183,0.07927604,1.567435,0.4961139,0.06927604,2.207434,-1.103886,0.02218056,10.65121,10.67339,
#RightLegCube,0.1615231,0.2997614,0.4918469,0,1.714564,0,obstacle2_bar,0.7293072,0.240933,0.8170133,0,135,0,-0.5677841,0.05882844,-0.3251663,0.08233787,-1.267673,-0.001804183,0.07927604,1.567435,0.4961139,0.06927604,2.207434,-1.103886,0.02620602,10.64962,10.67583,
#RightLegCube,0.1515231,0.2997614,0.221847,0,1.714564,0,obstacle2_bar,0.7293072,0.240933,0.8170133,0,135,0,-0.5777841,0.05882844,-0.5951663,0.08233789,-1.267673,-0.001804168,0.06927605,1.567435,0.2261139,0.06927604,2.207434,-1.103886,0.02349663,11.95011,11.97361,
#RightFootSphere,0.152301,0.09676134,0.2478353,0,1.714564,0,obstacle2_support,0.2081652,0.1887213,0.2958713,0,135,0,-0.05586417,-0.09195996,-0.04803593,0.08233787,-1.470673,0.02419584,0.06927605,1.567435,0.2261139,0.06927604,2.207434,-1.103886,0.02561378,11.9501,11.97572,
#RightLegCube,0.1415231,0.2997614,0.05184694,0,1.714564,0,obstacle2_support,0.2081652,0.1887213,0.2958713,0,135,0,-0.06664209,0.1110401,-0.2440243,0.08233789,-1.267673,-0.001804176,0.05927604,1.567435,0.05611389,0.06927604,2.207434,-1.173886,0.05259705,11.9501,12.0027,
#RightLegSphere,0.13231,0.5050613,-0.3768652,0,1.714564,0,prop_fan_prop_fan_005,-0.03201675,0.1740001,-0.02502584,0,0,0,0.1643267,0.3310612,-0.3518393,0.08233787,-1.062373,0.02449547,0.04927604,1.567435,-0.3988861,0.05127604,2.207434,-1.737886,0.1313906,11.97359,12.10498,
#RightLegCube,0.1315231,0.2997614,-0.4031531,0,1.714564,0,prop_fan_prop_fan_005,-0.03201675,0.1740001,-0.02502584,0,0,0,0.1635398,0.1257614,-0.3781272,0.08233787,-1.267673,-0.001804183,0.04927604,1.567435,-0.3988861,0.05127604,2.207434,-1.737886,0.1338701,11.97359,12.10746,
#LeftLegSphere,-0.0232961,0.5050613,-0.3722073,0,1.714564,0,prop_fan_prop_fan_005,-0.03201675,0.1740001,-0.02502584,0,0,0,0.008720651,0.3310612,-0.3471815,-0.0733379,-1.062373,0.02449547,0.04927604,1.567435,-0.3988861,0.05127604,2.207434,-1.737886,0.1362762,11.97359,12.10987,
#LeftLegCube,-0.02908076,0.2997614,-0.3983456,0,1.714564,0,prop_fan_prop_fan_005,-0.03201675,0.1740001,-0.02502584,0,0,0,0.002935998,0.1257614,-0.3733197,-0.07833789,-1.267673,-0.001804183,0.04927604,1.567435,-0.3988861,0.05127604,2.207434,-1.737886,0.1384668,11.97359,12.11206,
#leftHandIndexCube,-0.8779719,1.448763,-1.10717,2.513832,1.714564,0,tunelzinho18_support (1),-0.9280901,0.8645127,-1.36093,0,320,0,0.05011815,0.58425,0.25376,-0.9055224,-0.1186719,-0.004379406,0.02727604,1.567435,-1.129886,0.02027604,2.207434,-2.752886,0.02737904,13.40161,13.42899,
#leftHandMiddleCube,-0.8745072,1.449701,-1.128663,2.513832,1.714564,0,tunelzinho18_support (1),-0.9280901,0.8645127,-1.36093,0,320,0,0.05358291,0.5851886,0.2322673,-0.9014161,-0.1177332,-0.02575884,0.02727604,1.567435,-1.129886,0.02027604,2.207434,-2.752886,0.03361607,13.40161,13.43523,
#leftHandRingCube,-0.8708594,1.450656,-1.150518,2.513832,1.714564,0,tunelzinho18_support (1),-0.9280901,0.8645127,-1.36093,0,320,0,0.05723071,0.5861429,0.2104123,-0.897116,-0.1167789,-0.04749491,0.02727604,1.567435,-1.129886,0.02027604,2.207434,-2.752886,0.03736115,13.40161,13.43897,
#rightForeArmCube,0.6597279,1.435734,-0.7686514,2.514003,181.7146,0,tunelzinho1_bar,0.6849546,1.513743,-0.9940381,0,40,0,-0.02522671,-0.07800841,0.2253867,0.6216332,-0.1317004,-0.03017932,0.03927604,1.567435,-0.7198861,0.03427604,2.207434,-2.282886,0.06252193,13.47619,13.53871,
#leftForeArmCube,-0.5748555,1.435734,-0.7316957,2.514003,1.714564,0,tunelzinho18_bar,-0.536046,1.513743,-1.031966,0,320,0,-0.03880948,-0.07800841,0.3002701,-0.6135032,-0.1317004,-0.03017929,0.03927604,1.567435,-0.7198861,0.03427604,2.207434,-2.282886,0.03967285,13.50204,13.54172,
#LeftArm,-0.1421774,1.435734,-0.6245276,2.513832,1.714564,0,tunelzinho18_bar,-0.536046,1.513743,-1.031966,0,320,0,0.3938686,-0.07800841,0.4074382,-0.1846332,-0.1317004,-0.03017928,0.04327605,1.567435,-0.5998861,0.04127604,2.207434,-2.058886,0.03937149,13.54501,13.58438,
#LeftArm,-0.1421774,1.435734,-0.6245276,2.513832,1.714564,0,tunelzinho18_support,-0.144001,0.8645127,-0.7030025,0,320,0,0.001823604,0.5712215,0.07847488,-0.1846332,-0.1317004,-0.03017928,0.04327605,1.567435,-0.5998861,0.04127604,2.207434,-2.058886,0.05042076,13.5376,13.58802,
#leftArmCube,-0.2931098,1.435734,-0.6200096,2.514003,1.714564,0,tunelzinho18_bar,-0.536046,1.513743,-1.031966,0,320,0,0.2429362,-0.07800841,0.4119561,-0.3356331,-0.1317004,-0.03017928,0.04327605,1.567435,-0.5998861,0.04127604,2.207434,-2.058886,0.04888821,13.54501,13.5939,
#leftForeArmCube,-0.5708555,1.435734,-0.6116956,2.514003,1.714564,0,tunelzinho17_bar,-0.6522141,1.513743,-0.8388915,0,330,0,0.08135855,-0.07800841,0.2271959,-0.6135032,-0.1317004,-0.03017929,0.04327605,1.567435,-0.5998861,0.04127604,2.207434,-2.058886,0.05554104,13.54503,13.60057,
#leftArmCube,-0.2931098,1.435734,-0.6200096,2.514003,1.714564,0,tunelzinho18_support,-0.144001,0.8645127,-0.7030025,0,320,0,-0.1491088,0.5712215,0.08299285,-0.3356331,-0.1317004,-0.03017928,0.04327605,1.567435,-0.5998861,0.04127604,2.207434,-2.058886,0.06575394,13.5376,13.60335,
#LeftArmSphere,-0.1421774,1.435734,-0.6245276,0,1.714564,0,tunelzinho18_bar,-0.536046,1.513743,-1.031966,0,320,0,0.3938686,-0.07800841,0.4074382,-0.1846332,-0.1317004,-0.03017928,0.04327605,1.567435,-0.5998861,0.04127604,2.207434,-2.058886,0.06234264,13.54501,13.60735,
#spineCube,0.05970291,1.202057,-0.05462569,0,1.714564,0,tunelzinho18_bar,-0.536046,1.513743,-1.031966,0,320,0,0.595749,-0.3116854,0.97734,7.940933E-25,-0.3653774,0.01426681,0.05927604,1.567435,-0.06888611,0.04327604,2.207434,-1.999886,0.08385181,13.54501,13.62886,
#LeftArmSphere,-0.1261774,1.435734,-0.09352761,0,1.714564,0,tunelzinho18_support,-0.144001,0.8645127,-0.7030025,0,320,0,0.01782359,0.5712215,0.6094748,-0.1846332,-0.1317004,-0.03017929,0.05927604,1.567435,-0.06888611,0.04327604,2.207434,-1.999886,0.09409046,13.5376,13.63169,
#spineCube,0.05970291,1.202057,-0.05462569,0,1.714564,0,tunelzinho18_support,-0.144001,0.8645127,-0.7030025,0,320,0,0.2037039,0.3375444,0.6483768,7.940933E-25,-0.3653774,0.01426681,0.05927604,1.567435,-0.06888611,0.04327604,2.207434,-1.999886,0.09734726,13.5376,13.63495,
#rightArmCube,0.3937261,1.435734,-0.1090903,2.514003,181.7146,0,tunelzinho1_bar,0.6849546,1.513743,-0.9940381,0,40,0,-0.2912286,-0.07800841,0.8849478,0.3355032,-0.1317004,-0.0301793,0.05927604,1.567435,-0.06888611,0.04327604,2.207434,-1.999886,0.09625244,13.54167,13.63792,
#rightArmSphere,0.2576507,1.435734,-0.105017,0,1.714564,0,tunelzinho1_support (1),0.2929096,0.8645127,-0.6650748,0,40,0,-0.03525895,0.5712215,0.5600578,0.1993669,-0.1317004,-0.03017929,0.05927604,1.567435,-0.06888611,0.04327604,2.207434,-1.999886,0.07361603,13.56772,13.64134,
#rightArmCube,0.3937261,1.435734,-0.1090903,2.514003,181.7146,0,tunelzinho1_support (1),0.2929096,0.8645127,-0.6650748,0,40,0,0.1008164,0.5712215,0.5559846,0.3355032,-0.1317004,-0.0301793,0.05927604,1.567435,-0.06888611,0.04327604,2.207434,-1.999886,0.0767498,13.56772,13.64447,
#leftArmCube,-0.2771098,1.435734,-0.08900964,2.514003,1.714564,0,tunelzinho17_bar,-0.6522141,1.513743,-0.8388915,0,330,0,0.3751042,-0.07800841,0.7498819,-0.3356331,-0.1317004,-0.03017929,0.05927604,1.567435,-0.06888611,0.04327604,2.207434,-1.999886,0.1028595,13.54503,13.64789,
#LeftArm,-0.1261774,1.435734,-0.09352761,2.513832,1.714564,0,tunelzinho17_bar,-0.6522141,1.513743,-0.8388915,0,330,0,0.5260366,-0.07800841,0.7453639,-0.1846332,-0.1317004,-0.03017929,0.05927604,1.567435,-0.06888611,0.04327604,2.207434,-1.999886,0.1064358,13.54503,13.65147,
#LeftArmSphere,-0.1261774,1.435734,-0.09352761,0,1.714564,0,tunelzinho17_support,-0.2090015,0.8645127,-0.5830016,0,330,0,0.08282413,0.5712215,0.489474,-0.1846332,-0.1317004,-0.03017929,0.05927604,1.567435,-0.06888611,0.04327604,2.207434,-1.999886,0.04394913,13.61062,13.65457,
#leftArmCube,-0.2771098,1.435734,-0.08900964,2.514003,1.714564,0,tunelzinho17_support,-0.2090015,0.8645127,-0.5830016,0,330,0,-0.06810826,0.5712215,0.493992,-0.3356331,-0.1317004,-0.03017929,0.05927604,1.567435,-0.06888611,0.04327604,2.207434,-1.999886,0.04704094,13.61062,13.65766,
#LeftArm,-0.1261774,1.435734,-0.09352761,2.513832,1.714564,0,tunelzinho17_support,-0.2090015,0.8645127,-0.5830016,0,330,0,0.08282413,0.5712215,0.489474,-0.1846332,-0.1317004,-0.03017929,0.05927604,1.567435,-0.06888611,0.04327604,2.207434,-1.999886,0.0506916,13.61062,13.66131,
#rightArmCube,0.3937261,1.435734,-0.1090903,2.514003,181.7146,0,tunelzinho2_bar,0.8117867,1.513743,-0.7801127,0,30.00001,0,-0.4180606,-0.07800841,0.6710225,0.3355032,-0.1317004,-0.0301793,0.05927604,1.567435,-0.06888611,0.04327604,2.207434,-1.999886,0.0665226,13.5992,13.66572,
#rightForeArmCube,0.6797279,1.435734,-0.1176514,2.514003,181.7146,0,tunelzinho2_bar,0.8117867,1.513743,-0.7801127,0,30.00001,0,-0.1320587,-0.07800841,0.6624614,0.6216332,-0.1317004,-0.03017929,0.05927604,1.567435,-0.06888611,0.04327604,2.207434,-1.999886,0.0695343,13.5992,13.66873,
#leftForeArmCube,-0.5548555,1.435734,-0.08069567,2.514003,1.714564,0,tunelzinho16_bar,-0.7509155,1.513743,-0.59304,0,340,0,0.19606,-0.07800841,0.5123443,-0.6135032,-0.1317004,-0.03017929,0.05927604,1.567435,-0.06888611,0.04327604,2.207434,-1.999886,0.07250881,13.59923,13.67174,
#leftArmCube,-0.2681098,1.435734,0.2269904,2.514003,1.714564,0,tunelzinho14_support,-0.3450012,0.8645127,-0.08000135,0,0,0,0.07689142,0.5712215,0.3069917,-0.3356331,-0.1317004,-0.03017929,0.06827605,1.567435,0.2471139,0.05927604,2.207434,-1.468886,0.01981354,13.67994,13.69975,
#LeftArm,-0.1171774,1.435734,0.2224724,2.513832,1.714564,0,tunelzinho14_support,-0.3450012,0.8645127,-0.08000135,0,0,0,0.2278238,0.5712215,0.3024738,-0.1846332,-0.1317004,-0.03017928,0.06827605,1.567435,0.2471139,0.05927604,2.207434,-1.468886,0.02114296,13.67994,13.70108,
#leftForeArmCube,-0.5458555,1.435734,0.2353043,2.514003,1.714564,0,tunelzinho14_bar,-0.8567791,1.513743,-0.08000326,0,0,0,0.3109236,-0.07800841,0.3153076,-0.6135032,-0.1317004,-0.03017929,0.06827605,1.567435,0.2471139,0.05927604,2.207434,-1.468886,0.02357769,13.67996,13.70354,
#leftArmCube,-0.2681098,1.435734,0.2269904,2.514003,1.714564,0,tunelzinho14_bar,-0.8567791,1.513743,-0.08000326,0,0,0,0.5886693,-0.07800841,0.3069936,-0.3356331,-0.1317004,-0.03017929,0.06827605,1.567435,0.2471139,0.05927604,2.207434,-1.468886,0.02626801,13.67996,13.70623,
#LeftArm,-0.1171774,1.435734,0.2224724,2.513832,1.714564,0,tunelzinho14_bar,-0.8567791,1.513743,-0.08000326,0,0,0,0.7396017,-0.07800841,0.3024757,-0.1846332,-0.1317004,-0.03017928,0.06827605,1.567435,0.2471139,0.05927604,2.207434,-1.468886,0.02937412,13.67996,13.70934,
#rightArmCube,0.4027261,1.435734,0.2069097,2.514003,181.7146,0,tunelzinho5_support (1),0.4004431,0.8645127,-0.0440011,0,0,0,0.002282977,0.5712215,0.2509108,0.3355032,-0.1317004,-0.03017929,0.06827605,1.567435,0.2471139,0.05927604,2.207434,-1.468886,0.03308201,13.67892,13.712,
#rightArmCube,0.4027261,1.435734,0.2069097,2.514003,181.7146,0,tunelzinho5_bar,0.9122219,1.513743,-0.04400206,0,0,0,-0.5094959,-0.07800841,0.2509118,0.3355032,-0.1317004,-0.03017929,0.06827605,1.567435,0.2471139,0.05927604,2.207434,-1.468886,0.03653908,13.67997,13.71651,
#rightForeArmCube,0.6887279,1.435734,0.1983486,2.514003,181.7146,0,tunelzinho5_bar,0.9122219,1.513743,-0.04400206,0,0,0,-0.223494,-0.07800841,0.2423507,0.6216332,-0.1317004,-0.03017929,0.06827605,1.567435,0.2471139,0.05927604,2.207434,-1.468886,0.03955269,13.67997,13.71952,
#rightArmCube,0.4137261,1.435734,0.5459098,2.514003,181.7146,0,tunelzinho7_support (1),0.3741722,0.8645127,0.2569222,0,340,0,0.03955385,0.5712215,0.2889875,0.3355032,-0.1317004,-0.03017929,0.07927604,1.567435,0.5861139,0.06827604,2.207434,-1.152886,0.04704189,13.72655,13.77359,
#leftArmCube,-0.2571098,1.435734,0.5659904,2.514003,1.714564,0,tunelzinho12_support,-0.3270006,0.8645127,0.2779975,0,20,0,0.0698908,0.5712215,0.2879929,-0.3356331,-0.1317004,-0.03017928,0.07927604,1.567435,0.5861139,0.06827604,2.207434,-1.152886,0.05186653,13.72576,13.77763,
#LeftArm,-0.1061774,1.435734,0.5614724,2.513832,1.714564,0,tunelzinho12_support,-0.3270006,0.8645127,0.2779975,0,20,0,0.2208232,0.5712215,0.2834749,-0.1846332,-0.1317004,-0.03017928,0.07927604,1.567435,0.5861139,0.06827604,2.207434,-1.152886,0.05733299,13.72576,13.78309,
#leftForeArmCube,-0.5348555,1.435734,0.5743043,2.514003,1.714564,0,tunelzinho13_bar,-0.833004,1.513743,0.1978688,0,10,0,0.2981485,-0.07800841,0.3764355,-0.6135032,-0.1317004,-0.03017929,0.07927604,1.567435,0.5861139,0.06827604,2.207434,-1.152886,0.06338882,13.72321,13.7866,
#rightArmCube,0.4137261,1.435734,0.5459098,2.514003,181.7146,0,tunelzinho6_bar,0.9219971,1.513743,0.2021298,0,350,0,-0.508271,-0.07800841,0.3437799,0.3355032,-0.1317004,-0.03017929,0.07927604,1.567435,0.5861139,0.06827604,2.207434,-1.152886,0.06697178,13.72319,13.79016,
#rightForeArmCube,0.699728,1.435734,0.5373486,2.514003,181.7146,0,tunelzinho6_bar,0.9219971,1.513743,0.2021298,0,350,0,-0.2222691,-0.07800841,0.3352188,0.6216332,-0.1317004,-0.03017932,0.07927604,1.567435,0.5861139,0.06827604,2.207434,-1.152886,0.07059002,13.72319,13.79378,
#LeftArm,-0.1061774,1.435734,0.5614724,2.513832,1.714564,0,tunelzinho12_bar,-0.8079157,1.513743,0.4530368,0,20,0,0.7017383,-0.07800841,0.1084356,-0.1846332,-0.1317004,-0.03017928,0.07927604,1.567435,0.5861139,0.06827604,2.207434,-1.152886,0.07494259,13.7272,13.80215,
#leftArmCube,-0.2571098,1.435734,0.5659904,2.514003,1.714564,0,tunelzinho12_bar,-0.8079157,1.513743,0.4530368,0,20,0,0.5508059,-0.07800841,0.1129536,-0.3356331,-0.1317004,-0.03017928,0.07927604,1.567435,0.5861139,0.06827604,2.207434,-1.152886,0.07938194,13.7272,13.80659,
#leftForeArmCube,-0.5348555,1.435734,0.5743043,2.514003,1.714564,0,tunelzinho12_bar,-0.8079157,1.513743,0.4530368,0,20,0,0.2730602,-0.07800841,0.1212676,-0.6135032,-0.1317004,-0.03017929,0.07927604,1.567435,0.5861139,0.06827604,2.207434,-1.152886,0.08359146,13.7272,13.81079,
#rightArmCube,0.4137261,1.435734,0.5459098,2.514003,181.7146,0,tunelzinho7_bar,0.8550854,1.513743,0.4319596,0,340,0,-0.4413593,-0.07800841,0.1139501,0.3355032,-0.1317004,-0.03017929,0.07927604,1.567435,0.5861139,0.06827604,2.207434,-1.152886,0.08896446,13.72459,13.81356,
#leftArmCube,-0.2571098,1.435734,0.7559904,2.514003,1.714564,0,tunelzinho10_support,-0.1960011,0.8645127,0.5309987,0,40,0,-0.06110877,0.5712215,0.2249917,-0.3356331,-0.1317004,-0.03017928,0.07927604,1.567435,0.7761139,0.07927604,2.207434,-0.813886,0.03600025,13.79995,13.83595,
#LeftArm,-0.1061774,1.435734,0.7514724,2.513832,1.714564,0,tunelzinho10_support,-0.1960011,0.8645127,0.5309987,0,40,0,0.08982364,0.5712215,0.2204737,-0.1846332,-0.1317004,-0.03017928,0.07927604,1.567435,0.7761139,0.07927604,2.207434,-0.813886,0.03861809,13.79995,13.83857,
#rightArmSphere,0.2776507,1.435734,0.739983,0,1.714564,0,tunelzinho9_support (1),0.2759094,0.8645127,0.5360703,0,320,0,0.00174123,0.5712215,0.2039127,0.1993668,-0.1317004,-0.03017928,0.07927604,1.567435,0.7761139,0.07927604,2.207434,-0.813886,0.03102112,13.81006,13.84109,
#rightArmCube,0.4137261,1.435734,0.7359098,2.514003,181.7146,0,tunelzinho9_support (1),0.2759094,0.8645127,0.5360703,0,320,0,0.1378166,0.5712215,0.1998394,0.3355032,-0.1317004,-0.03017929,0.07927604,1.567435,0.7761139,0.07927604,2.207434,-0.813886,0.03365326,13.81006,13.84372,
#spineCube,0.07970291,1.202057,0.7903743,0,1.714564,0,tunelzinho9_support (1),0.2759094,0.8645127,0.5360703,0,320,0,-0.1962065,0.3375444,0.254304,3.72529E-09,-0.3653774,0.01426683,0.07927604,1.567435,0.7761139,0.07927604,2.207434,-0.813886,0.0372839,13.81006,13.84735,
#rightArmSphere,0.2776507,1.435734,0.739983,0,1.714564,0,tunelzinho9_bar,0.6679544,1.513743,0.8650336,0,320,0,-0.3903038,-0.07800841,-0.1250506,0.1993668,-0.1317004,-0.03017928,0.07927604,1.567435,0.7761139,0.07927604,2.207434,-0.813886,0.04017544,13.81008,13.85026,
#rightArmCube,0.4137261,1.435734,0.7359098,2.514003,181.7146,0,tunelzinho8_bar,0.7827864,1.513743,0.6651092,0,330,0,-0.3690603,-0.07800841,0.0708006,0.3355032,-0.1317004,-0.03017929,0.07927604,1.567435,0.7761139,0.07927604,2.207434,-0.813886,0.0507412,13.80211,13.85285,
#leftForeArmCube,-0.5348555,1.435734,0.7643043,2.514003,1.714564,0,tunelzinho11_bar,-0.7262144,1.513743,0.6548877,0,30.00001,0,0.1913589,-0.07800841,0.1094167,-0.6135032,-0.1317004,-0.03017929,0.07927604,1.567435,0.7761139,0.07927604,2.207434,-0.813886,0.04982471,13.80554,13.85536,
#LeftArm,-0.09617741,1.435734,0.9214724,2.513832,1.714564,0,tunelzinho10_bar,-0.5880461,1.513743,0.859962,0,40,0,0.4918687,-0.07800841,0.06151044,-0.1846332,-0.1317004,-0.03017928,0.08927605,1.567435,0.9461139,0.07927604,2.207434,-0.623886,0.02608109,13.8578,13.88389,
#rightForeArmCube,0.7097279,1.435734,0.8973486,2.514003,181.7146,0,tunelzinho8_bar,0.7827864,1.513743,0.6651092,0,330,0,-0.07305843,-0.07800841,0.2322395,0.6216332,-0.1317004,-0.03017932,0.08927605,1.567435,0.9461139,0.07927604,2.207434,-0.623886,0.09045696,13.80211,13.89257,
#leftArmCube,-0.2471098,1.435734,0.9259904,2.514003,1.714564,0,tunelzinho10_bar,-0.5880461,1.513743,0.859962,0,40,0,0.3409362,-0.07800841,0.06602842,-0.3356331,-0.1317004,-0.03017928,0.08927605,1.567435,0.9461139,0.07927604,2.207434,-0.623886,0.04270267,13.8578,13.90051,
#rightArmCube,0.4237261,1.435734,0.9059098,2.514003,181.7146,0,tunelzinho9_bar,0.6679544,1.513743,0.8650336,0,320,0,-0.2442284,-0.07800841,0.04087615,0.3355032,-0.1317004,-0.03017929,0.08927605,1.567435,0.9461139,0.07927604,2.207434,-0.623886,0.0514679,13.85532,13.90679,
#rightForeArmCube,0.7197279,1.435734,1.117349,2.514003,181.7146,0,tunelzinho9_bar,0.6679544,1.513743,0.8650336,0,320,0,0.05177349,-0.07800841,0.252315,0.6216332,-0.1317004,-0.03017932,0.09927604,1.567435,1.166114,0.08927604,2.207434,-0.4138861,0.1277714,13.85532,13.98309,
#leftForeArmCube,-0.5148555,1.435734,1.154304,2.514003,1.714564,0,tunelzinho10_bar,-0.5880461,1.513743,0.859962,0,40,0,0.07319057,-0.07800841,0.2943424,-0.6135032,-0.1317004,-0.03017929,0.09927604,1.567435,1.166114,0.08927604,2.207434,-0.4138861,0.136055,13.8578,13.99386,
#rightHandIndexCube,1.011831,1.44963,1.340739,1.081969E-07,2.378683,6.269834E-10,tunelzinho9_support,1.059999,0.8645127,1.193998,0,320,0,-0.04816711,0.5851172,0.146741,0.912906,-0.1178046,0.001940326,0.09927604,1.567435,1.366114,0.09927604,2.207434,-0.1538861,0.01816082,14.08469,14.10285,
#rightHandMiddle,1.007081,1.45063,1.318029,1.081969E-07,2.378683,6.269834E-10,tunelzinho9_support,1.059999,0.8645127,1.193998,0,320,0,-0.05291772,0.5861173,0.1240314,0.908837,-0.1168046,-0.02090126,0.09927604,1.567435,1.366114,0.09927604,2.207434,-0.1538861,0.02173901,14.08469,14.10643,
#rightHandRingCube,1.001452,1.449613,1.293546,1.081969E-07,2.378683,6.269834E-10,tunelzinho9_support,1.059999,0.8645127,1.193998,0,320,0,-0.05854678,0.5851002,0.0995481,0.903943,-0.1178217,-0.04554204,0.09927604,1.567435,1.366114,0.09927604,2.207434,-0.1538861,0.02471828,14.08469,14.10941,
#RightHand,0.8382826,1.435734,1.3138,0,1.714564,0,tunelzinho9_support,1.059999,0.8645127,1.193998,0,320,0,-0.2217159,0.5712215,0.119802,0.7402409,-0.1317004,-0.03017928,0.09927604,1.567435,1.366114,0.09927604,2.207434,-0.1538861,0.02759743,14.08469,14.11229,
#rightHandRingCube,1.001452,1.449613,1.123546,1.081969E-07,2.378683,6.269834E-10,tunelzinho9_support,1.059999,0.8645127,1.193998,0,320,0,-0.05854678,0.5851002,-0.07045186,0.903943,-0.1178217,-0.04554204,0.09927604,1.567435,1.196114,0.09927604,2.207434,-0.1338861,0.01722622,15.25681,15.27403,
#rightHandMiddle,1.007081,1.45063,1.148029,1.081969E-07,2.378683,6.269834E-10,tunelzinho9_support,1.059999,0.8645127,1.193998,0,320,0,-0.05291772,0.5861173,-0.04596853,0.908837,-0.1168046,-0.02090126,0.09927604,1.567435,1.196114,0.09927604,2.207434,-0.1338861,4.386902E-05,15.27749,15.27753,
#rightHandIndexCube,1.001831,1.44963,0.9607389,1.081969E-07,2.378683,6.269834E-10,tunelzinho9_support,1.059999,0.8645127,1.193998,0,320,0,-0.0581671,0.5851172,-0.233259,0.912906,-0.1178046,0.001940326,0.08927605,1.567435,0.9861139,0.09927604,2.207434,-0.203886,0.01676559,15.27749,15.29425,
#RightHand,0.8282826,1.435734,0.9337999,0,1.714564,0,tunelzinho9_support,1.059999,0.8645127,1.193998,0,320,0,-0.2317159,0.5712215,-0.260198,0.7402409,-0.1317004,-0.03017928,0.08927605,1.567435,0.9861139,0.09927604,2.207434,-0.203886,0.0200758,15.27749,15.29756,
#rightForeArmCube,0.699728,1.435734,0.6273487,2.514003,181.7146,0,tunelzinho9_bar,0.6679544,1.513743,0.8650336,0,320,0,0.03177351,-0.07800841,-0.237685,0.6216331,-0.1317004,-0.03017926,0.07927604,1.567435,0.6761139,0.08927604,2.207434,-0.4138861,0.01391411,15.30355,15.31746,
#leftForeArmCube,-0.5348555,1.435734,0.4943043,2.514003,1.714564,0,tunelzinho10_bar,-0.5880461,1.513743,0.859962,0,40,0,0.05319059,-0.07800841,-0.3656577,-0.6135032,-0.1317004,-0.03017929,0.07927604,1.567435,0.5061139,0.07927604,2.207434,-0.7238861,0.0158205,15.321,15.33682,
#rightForeArmCube,0.6897279,1.435734,0.2473486,2.514003,181.7146,0,tunelzinho8_bar,0.7827864,1.513743,0.6651092,0,330,0,-0.09305847,-0.07800841,-0.4177605,0.6216331,-0.1317004,-0.0301793,0.06927605,1.567435,0.2961139,0.07927604,2.207434,-0.8938861,0.03848553,15.3368,15.37529,
#rightArmSphere,0.2676507,1.435734,0.259983,0,1.714564,0,tunelzinho9_support (1),0.2759094,0.8645127,0.5360703,0,320,0,-0.00825876,0.5712215,-0.2760874,0.1993668,-0.1317004,-0.03017931,0.06927605,1.567435,0.2961139,0.07927604,2.207434,-0.8938861,0.04200268,15.3368,15.3788,
#rightArmCube,0.4037261,1.435734,0.2559097,2.514003,181.7146,0,tunelzinho9_bar,0.6679544,1.513743,0.8650336,0,320,0,-0.2642284,-0.07800841,-0.6091239,0.3355032,-0.1317004,-0.03017929,0.06927605,1.567435,0.2961139,0.07927604,2.207434,-0.8938861,0.05186176,15.33678,15.38864,
#rightArmCube,0.4037261,1.435734,0.2559097,2.514003,181.7146,0,tunelzinho9_support (1),0.2759094,0.8645127,0.5360703,0,320,0,0.1278166,0.5712215,-0.2801606,0.3355032,-0.1317004,-0.03017929,0.06927605,1.567435,0.2961139,0.07927604,2.207434,-0.8938861,0.05686569,15.3368,15.39366,
#rightArmCube,0.4037261,1.435734,0.2559097,2.514003,181.7146,0,tunelzinho8_bar,0.7827864,1.513743,0.6651092,0,330,0,-0.3790603,-0.07800841,-0.4091994,0.3355032,-0.1317004,-0.03017929,0.06927605,1.567435,0.2961139,0.07927604,2.207434,-0.8938861,0.06261635,15.3368,15.39942,
#rightArmCube,0.4037261,1.435734,0.2559097,2.514003,181.7146,0,tunelzinho8_support (1),0.3395739,0.8645127,0.4092212,0,330,0,0.06415221,0.5712215,-0.1533114,0.3355032,-0.1317004,-0.03017929,0.06927605,1.567435,0.2961139,0.07927604,2.207434,-0.8938861,0.06629848,15.33602,15.40232,
#LeftArm,-0.1161774,1.435734,0.2714724,2.513832,1.714564,0,tunelzinho10_bar,-0.5880461,1.513743,0.859962,0,40,0,0.4718687,-0.07800841,-0.5884896,-0.1846332,-0.1317004,-0.03017928,0.06927605,1.567435,0.2961139,0.07927604,2.207434,-0.8938861,0.08443069,15.321,15.40543,
#LeftArm,-0.1161774,1.435734,0.2714724,2.513832,1.714564,0,tunelzinho10_support,-0.1960011,0.8645127,0.5309987,0,40,0,0.07982364,0.5712215,-0.2595263,-0.1846332,-0.1317004,-0.03017928,0.06927605,1.567435,0.2961139,0.07927604,2.207434,-0.8938861,0.07245731,15.33602,15.40847,
#LeftArm,-0.1161774,1.435734,0.2714724,2.513832,1.714564,0,tunelzinho11_bar,-0.7262144,1.513743,0.6548877,0,30.00001,0,0.610037,-0.07800841,-0.3834153,-0.1846332,-0.1317004,-0.03017928,0.06927605,1.567435,0.2961139,0.07927604,2.207434,-0.8938861,0.0717802,15.33983,15.41161,
#LeftArm,-0.1161774,1.435734,0.2714724,2.513832,1.714564,0,tunelzinho11_support,-0.2830019,0.8645127,0.3989997,0,30.00001,0,0.1668245,0.5712215,-0.1275273,-0.1846332,-0.1317004,-0.03017928,0.06927605,1.567435,0.2961139,0.07927604,2.207434,-0.8938861,0.08238983,15.33601,15.4184,
#leftArmCube,-0.2671098,1.435734,0.2759904,2.514003,1.714564,0,tunelzinho10_bar,-0.5880461,1.513743,0.859962,0,40,0,0.3209363,-0.07800841,-0.5839716,-0.3356331,-0.1317004,-0.03017928,0.06927605,1.567435,0.2961139,0.07927604,2.207434,-0.8938861,0.1018877,15.321,15.42288,
#leftArmCube,-0.2671098,1.435734,0.2759904,2.514003,1.714564,0,tunelzinho10_support,-0.1960011,0.8645127,0.5309987,0,40,0,-0.07110876,0.5712215,-0.2550083,-0.3356331,-0.1317004,-0.03017928,0.06927605,1.567435,0.2961139,0.07927604,2.207434,-0.8938861,0.09000111,15.33602,15.42602,
#leftArmCube,-0.2671098,1.435734,0.2759904,2.514003,1.714564,0,tunelzinho11_bar,-0.7262144,1.513743,0.6548877,0,30.00001,0,0.4591046,-0.07800841,-0.3788973,-0.3356331,-0.1317004,-0.03017928,0.06927605,1.567435,0.2961139,0.07927604,2.207434,-0.8938861,0.08947754,15.33983,15.42931,
#leftArmCube,-0.2671098,1.435734,0.2759904,2.514003,1.714564,0,tunelzinho11_support,-0.2830019,0.8645127,0.3989997,0,30.00001,0,0.01589209,0.5712215,-0.1230093,-0.3356331,-0.1317004,-0.03017928,0.06927605,1.567435,0.2961139,0.07927604,2.207434,-0.8938861,0.09650993,15.33601,15.43252,
#leftForeArmCube,-0.5448555,1.435734,0.2843043,2.514003,1.714564,0,tunelzinho11_bar,-0.7262144,1.513743,0.6548877,0,30.00001,0,0.1813589,-0.07800841,-0.3705834,-0.6135032,-0.1317004,-0.03017929,0.06927605,1.567435,0.2961139,0.07927604,2.207434,-0.8938861,0.09580803,15.33983,15.43564,
#spineCube,0.06970291,1.202057,0.3103743,0,1.714564,0,tunelzinho9_bar,0.6679544,1.513743,0.8650336,0,320,0,-0.5982515,-0.3116854,-0.5546593,-3.72529E-09,-0.3653774,0.01426683,0.06927605,1.567435,0.2961139,0.07927604,2.207434,-0.8938861,0.1016636,15.33678,15.43844,
#spineCube,0.06970291,1.202057,0.3103743,0,1.714564,0,tunelzinho9_support (1),0.2759094,0.8645127,0.5360703,0,320,0,-0.2062065,0.3375444,-0.225696,-3.72529E-09,-0.3653774,0.01426683,0.06927605,1.567435,0.2961139,0.07927604,2.207434,-0.8938861,0.1045294,15.3368,15.44133,
#rightForeArmCube,0.6827279,1.435734,-0.01965136,2.514003,181.7146,0,tunelzinho7_bar,0.8550854,1.513743,0.4319596,0,340,0,-0.1723574,-0.07800841,-0.451611,0.6216332,-0.1317004,-0.03017929,0.06227604,1.567435,0.02911389,0.06927604,2.207434,-1.103886,0.0154705,15.44426,15.45973,
#rightForeArmCube,0.6827279,1.435734,-0.01965136,2.514003,181.7146,0,tunelzinho6_bar,0.9219971,1.513743,0.2021298,0,350,0,-0.2392691,-0.07800841,-0.2217812,0.6216332,-0.1317004,-0.03017929,0.06227604,1.567435,0.02911389,0.06927604,2.207434,-1.103886,0.01849937,15.44424,15.46274,
#rightArmCube,0.3967261,1.435734,-0.01109026,2.514003,181.7146,0,tunelzinho7_bar,0.8550854,1.513743,0.4319596,0,340,0,-0.4583593,-0.07800841,-0.4430499,0.3355032,-0.1317004,-0.0301793,0.06227604,1.567435,0.02911389,0.06927604,2.207434,-1.103886,0.02180195,15.44426,15.46606,
#rightArmCube,0.3967261,1.435734,-0.01109026,2.514003,181.7146,0,tunelzinho7_support (1),0.3741722,0.8645127,0.2569222,0,340,0,0.02255386,0.5712215,-0.2680125,0.3355032,-0.1317004,-0.0301793,0.06227604,1.567435,0.02911389,0.06927604,2.207434,-1.103886,0.02446556,15.44427,15.46874,
#LeftArm,-0.1231774,1.435734,0.004472394,2.513832,1.714564,0,tunelzinho12_bar,-0.8079157,1.513743,0.4530368,0,20,0,0.6847383,-0.07800841,-0.4485644,-0.1846332,-0.1317004,-0.03017929,0.06227604,1.567435,0.02911389,0.06927604,2.207434,-1.103886,0.02744007,15.44428,15.47172,
#LeftArm,-0.1231774,1.435734,0.004472394,2.513832,1.714564,0,tunelzinho12_support,-0.3270006,0.8645127,0.2779975,0,20,0,0.2038232,0.5712215,-0.2735251,-0.1846332,-0.1317004,-0.03017929,0.06227604,1.567435,0.02911389,0.06927604,2.207434,-1.103886,0.0303297,15.44429,15.47462,
#leftArmCube,-0.2741098,1.435734,0.008990362,2.514003,1.714564,0,tunelzinho12_bar,-0.8079157,1.513743,0.4530368,0,20,0,0.5338058,-0.07800841,-0.4440464,-0.3356331,-0.1317004,-0.03017929,0.06227604,1.567435,0.02911389,0.06927604,2.207434,-1.103886,0.0332222,15.44428,15.4775,
#leftArmCube,-0.2741098,1.435734,0.008990362,2.514003,1.714564,0,tunelzinho12_support,-0.3270006,0.8645127,0.2779975,0,20,0,0.05289081,0.5712215,-0.2690071,-0.3356331,-0.1317004,-0.03017929,0.06227604,1.567435,0.02911389,0.06927604,2.207434,-1.103886,0.0360508,15.44429,15.48034,
#leftForeArmCube,-0.5518555,1.435734,0.01730432,2.514003,1.714564,0,tunelzinho12_bar,-0.8079157,1.513743,0.4530368,0,20,0,0.2560602,-0.07800841,-0.4357325,-0.6135032,-0.1317004,-0.03017929,0.06227604,1.567435,0.02911389,0.06927604,2.207434,-1.103886,0.0395174,15.44428,15.4838,
#rightForeArmCube,0.6777279,1.435734,-0.1596514,2.514003,181.7146,0,tunelzinho5_bar,0.9122219,1.513743,-0.04400206,0,0,0,-0.234494,-0.07800841,-0.1156493,0.6216332,-0.1317004,-0.03017929,0.05727604,1.567435,-0.1108861,0.06227604,2.207434,-1.370886,0.02256584,15.48686,15.50943,
#rightArmCube,0.3917261,1.435734,-0.1510903,2.514003,181.7146,0,tunelzinho5_support (1),0.4004431,0.8645127,-0.0440011,0,0,0,-0.008717,0.5712215,-0.1070892,0.3355032,-0.1317004,-0.03017931,0.05727604,1.567435,-0.1108861,0.06227604,2.207434,-1.370886,0.02581787,15.48687,15.51269,
#rightArmCube,0.3917261,1.435734,-0.1510903,2.514003,181.7146,0,tunelzinho5_bar,0.9122219,1.513743,-0.04400206,0,0,0,-0.5204958,-0.07800841,-0.1070882,0.3355032,-0.1317004,-0.03017931,0.05727604,1.567435,-0.1108861,0.06227604,2.207434,-1.370886,0.03238487,15.48686,15.51925,
#LeftArm,-0.1291774,1.435734,-0.1785276,2.513832,1.714564,0,tunelzinho14_bar,-0.8567791,1.513743,-0.08000326,0,0,0,0.7276016,-0.07800841,-0.09852433,-0.1846332,-0.1317004,-0.03017928,0.05627604,1.567435,-0.1538861,0.05727604,2.207434,-1.510886,0.02046108,15.52285,15.54331,
#LeftArm,-0.1291774,1.435734,-0.1785276,2.513832,1.714564,0,tunelzinho14_support,-0.3450012,0.8645127,-0.08000135,0,0,0,0.2158238,0.5712215,-0.09852624,-0.1846332,-0.1317004,-0.03017928,0.05627604,1.567435,-0.1538861,0.05727604,2.207434,-1.510886,0.024333,15.52286,15.54719,
#leftArmCube,-0.2801098,1.435734,-0.1740096,2.514003,1.714564,0,tunelzinho14_bar,-0.8567791,1.513743,-0.08000326,0,0,0,0.5766693,-0.07800841,-0.09400637,-0.3356331,-0.1317004,-0.03017929,0.05627604,1.567435,-0.1538861,0.05727604,2.207434,-1.510886,0.02795124,15.52285,15.55081,
#leftArmCube,-0.2801098,1.435734,-0.1740096,2.514003,1.714564,0,tunelzinho14_support,-0.3450012,0.8645127,-0.08000135,0,0,0,0.0648914,0.5712215,-0.09400828,-0.3356331,-0.1317004,-0.03017929,0.05627604,1.567435,-0.1538861,0.05727604,2.207434,-1.510886,0.03107643,15.52286,15.55394,
#leftForeArmCube,-0.5618555,1.435734,-0.2946957,2.514003,1.714564,0,tunelzinho14_bar,-0.8567791,1.513743,-0.08000326,0,0,0,0.2949236,-0.07800841,-0.2146924,-0.6135032,-0.1317004,-0.03017929,0.05227604,1.567435,-0.2828861,0.05627604,2.207434,-1.553886,0.04932594,15.52285,15.57218,
#rightArmCube,0.3867261,1.435734,-0.3230903,2.514003,181.7146,0,tunelzinho4_bar,0.909996,1.513743,-0.3061328,0,10,0,-0.52327,-0.07800841,-0.01695746,0.3355032,-0.1317004,-0.03017929,0.05227604,1.567435,-0.2828861,0.05627604,2.207434,-1.553886,0.03223133,15.54329,15.57552,
#rightArmCube,0.3867261,1.435734,-0.3230903,2.514003,181.7146,0,tunelzinho4_support (1),0.4059944,0.8645127,-0.2172618,0,10,0,-0.01926833,0.5712215,-0.1058285,0.3355032,-0.1317004,-0.03017929,0.05227604,1.567435,-0.2828861,0.05627604,2.207434,-1.553886,0.05618191,15.52211,15.57829,
#LeftArm,-0.1361774,1.435734,-0.4085276,2.513832,1.714564,0,tunelzinho15_support,-0.3340015,0.8645127,-0.2470031,0,350,0,0.1978241,0.5712215,-0.1615245,-0.1846332,-0.1317004,-0.03017928,0.04927604,1.567435,-0.3838861,0.05227604,2.207434,-1.682886,0.05521011,15.54328,15.59849,
#leftArmCube,-0.2871098,1.435734,-0.4040096,2.514003,1.714564,0,tunelzinho15_support,-0.3340015,0.8645127,-0.2470031,0,350,0,0.04689172,0.5712215,-0.1570066,-0.3356331,-0.1317004,-0.03017928,0.04927604,1.567435,-0.3838861,0.05227604,2.207434,-1.682886,0.06933308,15.54328,15.61262,
#LeftArm,-0.1361774,1.435734,-0.4085276,2.513832,1.714564,0,tunelzinho15_bar,-0.8380041,1.513743,-0.3358712,0,350,0,0.7018267,-0.07800841,-0.07265639,-0.1846332,-0.1317004,-0.03017928,0.04927604,1.567435,-0.3838861,0.05227604,2.207434,-1.682886,0.03583336,15.58266,15.61849,
#leftArmCube,-0.2871098,1.435734,-0.4040096,2.514003,1.714564,0,tunelzinho15_bar,-0.8380041,1.513743,-0.3358712,0,350,0,0.5508943,-0.07800841,-0.06813842,-0.3356331,-0.1317004,-0.03017928,0.04927604,1.567435,-0.3838861,0.05227604,2.207434,-1.682886,0.0389452,15.58266,15.62161,
#rightForeArmCube,0.6697279,1.435734,-0.4326514,2.514003,181.7146,0,tunelzinho4_bar,0.909996,1.513743,-0.3061328,0,10,0,-0.2402681,-0.07800841,-0.1265186,0.6216332,-0.1317004,-0.03017929,0.04927604,1.567435,-0.3838861,0.05227604,2.207434,-1.682886,0.08160782,15.54329,15.6249,
#rightArmCube,0.3797261,1.435734,-0.5610903,2.514003,181.7146,0,tunelzinho3_support (1),0.4021721,0.8645127,-0.3719249,0,20,0,-0.02244604,0.5712215,-0.1891654,0.3355032,-0.1317004,-0.03017932,0.04527604,1.567435,-0.5208861,0.04927604,2.207434,-1.783886,0.06103992,15.58269,15.64373,
#LeftArm,-0.1401774,1.435734,-0.5455276,2.513832,1.714564,0,tunelzinho16_support,-0.2700014,0.8645127,-0.4180017,0,340,0,0.129824,0.5712215,-0.127526,-0.1846331,-0.1317004,-0.03017931,0.04527604,1.567435,-0.5208861,0.04927604,2.207434,-1.783886,0.03034782,15.61848,15.64882,
#leftArmCube,-0.2911098,1.435734,-0.5410097,2.514003,1.714564,0,tunelzinho16_support,-0.2700014,0.8645127,-0.4180017,0,340,0,-0.02110839,0.5712215,-0.123008,-0.3356331,-0.1317004,-0.03017931,0.04527604,1.567435,-0.5208861,0.04927604,2.207434,-1.783886,0.03389835,15.61848,15.65238,
#leftForeArmCube,-0.5688555,1.435734,-0.5326957,2.514003,1.714564,0,tunelzinho15_bar,-0.8380041,1.513743,-0.3358712,0,350,0,0.2691486,-0.07800841,-0.1968245,-0.6135032,-0.1317004,-0.03017932,0.04527604,1.567435,-0.5208861,0.04927604,2.207434,-1.783886,0.07274055,15.58266,15.6554,
#rightArmCube,0.3797261,1.435734,-0.5610903,2.514003,181.7146,0,tunelzinho3_bar,0.8830853,1.513743,-0.5469642,0,20,0,-0.5033592,-0.07800841,-0.01412612,0.3355032,-0.1317004,-0.03017932,0.04527604,1.567435,-0.5208861,0.04927604,2.207434,-1.783886,0.03505993,15.62485,15.65991,
#rightArmCube,0.3767261,1.435734,-0.6570902,2.514003,181.7146,0,tunelzinho2_support (1),0.3685741,0.8645127,-0.5242248,0,30.00001,0,0.008151919,0.5712215,-0.1328655,0.3355032,-0.1317004,-0.03017929,0.04227604,1.567435,-0.6168861,0.04527604,2.207434,-1.920886,0.01787567,15.65891,15.67678,
#LeftArm,-0.1431774,1.435734,-0.6415276,2.513832,1.714564,0,tunelzinho16_bar,-0.7509155,1.513743,-0.59304,0,340,0,0.6077381,-0.07800841,-0.0484876,-0.1846332,-0.1317004,-0.03017928,0.04227604,1.567435,-0.6168861,0.04527604,2.207434,-1.920886,0.05933285,15.62156,15.6809,
#leftArmCube,-0.2941098,1.435734,-0.6370096,2.514003,1.714564,0,tunelzinho16_bar,-0.7509155,1.513743,-0.59304,0,340,0,0.4568057,-0.07800841,-0.04396963,-0.3356331,-0.1317004,-0.03017928,0.04227604,1.567435,-0.6168861,0.04527604,2.207434,-1.920886,0.06226063,15.62156,15.68383,
#rightForeArmCube,0.662728,1.435734,-0.6656513,2.514003,181.7146,0,tunelzinho3_bar,0.8830853,1.513743,-0.5469642,0,20,0,-0.2203573,-0.07800841,-0.1186872,0.6216331,-0.1317004,-0.03017926,0.04227604,1.567435,-0.6168861,0.04527604,2.207434,-1.920886,0.06200695,15.62485,15.68686,
#LeftArmSphere,-0.1431774,1.435734,-0.6415276,0,1.714564,0,tunelzinho17_support,-0.2090015,0.8645127,-0.5830016,0,330,0,0.06582412,0.5712215,-0.05852598,-0.1846332,-0.1317004,-0.03017928,0.04227604,1.567435,-0.6168861,0.04527604,2.207434,-1.920886,0.02705383,15.66312,15.69018,
#rightArmSphere,0.2366507,1.435734,-0.808017,0,1.714564,0,tunelzinho1_support (1),0.2929096,0.8645127,-0.6650748,0,40,0,-0.05625896,0.5712215,-0.1429422,0.1993668,-0.1317004,-0.03017928,0.03827604,1.567435,-0.7718861,0.04227604,2.207434,-2.016886,0.0327034,15.69339,15.72609,
#rightArmCube,0.3727261,1.435734,-0.8120903,2.514003,181.7146,0,tunelzinho1_support (1),0.2929096,0.8645127,-0.6650748,0,40,0,0.07981646,0.5712215,-0.1470155,0.3355032,-0.1317004,-0.03017929,0.03827604,1.567435,-0.7718861,0.04227604,2.207434,-2.016886,0.03554821,15.69339,15.72894,
#LeftArm,-0.1471774,1.435734,-0.7965276,2.513832,1.714564,0,tunelzinho17_support,-0.2090015,0.8645127,-0.5830016,0,330,0,0.06182413,0.5712215,-0.213526,-0.1846332,-0.1317004,-0.03017928,0.03827604,1.567435,-0.7718861,0.04227604,2.207434,-2.016886,0.07072735,15.66312,15.73385,
#leftArmCube,-0.2981098,1.435734,-0.7920097,2.514003,1.714564,0,tunelzinho17_support,-0.2090015,0.8645127,-0.5830016,0,330,0,-0.08910829,0.5712215,-0.209008,-0.3356332,-0.1317004,-0.03017928,0.03827604,1.567435,-0.7718861,0.04227604,2.207434,-2.016886,0.07445908,15.66312,15.73758,
#rightArmCube,0.3727261,1.435734,-0.8120903,2.514003,181.7146,0,tunelzinho2_bar,0.8117867,1.513743,-0.7801127,0,30.00001,0,-0.4390606,-0.07800841,-0.03197753,0.3355032,-0.1317004,-0.03017929,0.03827604,1.567435,-0.7718861,0.04227604,2.207434,-2.016886,0.07835674,15.66311,15.74146,
#leftForeArmCube,-0.5758555,1.435734,-0.7836957,2.514003,1.714564,0,tunelzinho16_bar,-0.7509155,1.513743,-0.59304,0,340,0,0.17506,-0.07800841,-0.1906557,-0.6135032,-0.1317004,-0.03017929,0.03827604,1.567435,-0.7718861,0.04227604,2.207434,-2.016886,0.1243067,15.62156,15.74587,
#LeftArmSphere,-0.1471774,1.435734,-0.7965276,0,1.714564,0,tunelzinho18_support,-0.144001,0.8645127,-0.7030025,0,320,0,-0.003176406,0.5712215,-0.09352517,-0.1846332,-0.1317004,-0.03017928,0.03827604,1.567435,-0.7718861,0.04227604,2.207434,-2.016886,0.07076263,15.68087,15.75164,
#leftArmCube,-0.2981098,1.435734,-0.7920097,2.514003,1.714564,0,tunelzinho18_support,-0.144001,0.8645127,-0.7030025,0,320,0,-0.1541088,0.5712215,-0.0890072,-0.3356332,-0.1317004,-0.03017928,0.03827604,1.567435,-0.7718861,0.04227604,2.207434,-2.016886,0.07425785,15.68087,15.75513,
#LeftArm,-0.1471774,1.435734,-0.7965276,2.513832,1.714564,0,tunelzinho18_support,-0.144001,0.8645127,-0.7030025,0,320,0,-0.003176406,0.5712215,-0.09352517,-0.1846332,-0.1317004,-0.03017928,0.03827604,1.567435,-0.7718861,0.04227604,2.207434,-2.016886,0.07782173,15.68087,15.75869,
#rightForeArmCube,0.657728,1.435734,-0.8556514,2.514003,181.7146,0,tunelzinho2_bar,0.8117867,1.513743,-0.7801127,0,30.00001,0,-0.1540587,-0.07800841,-0.07553864,0.6216332,-0.1317004,-0.03017932,0.03727604,1.567435,-0.8068861,0.03827604,2.207434,-2.171886,0.1154947,15.66311,15.7786,
#LeftArm,-0.1481774,1.435734,-0.8315276,2.513832,1.714564,0,tunelzinho17_bar,-0.6522141,1.513743,-0.8388915,0,330,0,0.5040367,-0.07800841,0.007363915,-0.1846332,-0.1317004,-0.03017928,0.03727604,1.567435,-0.8068861,0.03827604,2.207434,-2.171886,0.03020763,15.75159,15.7818,
#leftArmCube,-0.2991098,1.435734,-0.8270096,2.514003,1.714564,0,tunelzinho17_bar,-0.6522141,1.513743,-0.8388915,0,330,0,0.3531042,-0.07800841,0.01188189,-0.3356331,-0.1317004,-0.03017928,0.03727604,1.567435,-0.8068861,0.03827604,2.207434,-2.171886,0.03367233,15.75159,15.78526,
#spineCube,0.03370291,1.202057,-0.9216257,0,1.714564,0,tunelzinho18_support,-0.144001,0.8645127,-0.7030025,0,320,0,0.1777039,0.3375444,-0.2186232,7.940933E-25,-0.3653774,0.01426683,0.03327604,1.567435,-0.9358861,0.03627604,2.207434,-2.223886,0.2120485,15.68087,15.89292,
#rightArmCube,0.3677261,1.435734,-0.9760903,2.514003,181.7146,0,tunelzinho1_bar,0.6849546,1.513743,-0.9940381,0,40,0,-0.3172286,-0.07800841,0.01794785,0.3355032,-0.1317004,-0.03017929,0.03327604,1.567435,-0.9358861,0.03627604,2.207434,-2.223886,0.1407995,15.75864,15.89944,
#spineCube,0.03370291,1.202057,-0.9216257,0,1.714564,0,tunelzinho18_bar,-0.536046,1.513743,-1.031966,0,320,0,0.5697489,-0.3116854,0.1103401,7.940933E-25,-0.3653774,0.01426683,0.03327604,1.567435,-0.9358861,0.03627604,2.207434,-2.223886,4.863739E-05,15.9032,15.90325,
#leftForeArmCube,-0.5838555,1.435734,-1.023696,2.514003,1.714564,0,tunelzinho17_bar,-0.6522141,1.513743,-0.8388915,0,330,0,0.06835854,-0.07800841,-0.1848042,-0.6135032,-0.1317004,-0.03017935,0.03027604,1.567435,-1.011886,0.03327604,2.207434,-2.335886,0.176383,15.75159,15.92797,
#rightForeArmCube,0.648728,1.435734,-1.156651,2.514003,181.7146,0,tunelzinho1_bar,0.6849546,1.513743,-0.9940381,0,40,0,-0.03622669,-0.07800841,-0.1626133,0.6216332,-0.1317004,-0.03017932,0.02827604,1.567435,-1.107886,0.03027604,2.207434,-2.411886,0.2001734,15.75864,15.95882,
#LeftArm,-0.1571774,1.435734,-1.132528,2.513832,1.714564,0,tunelzinho18_bar,-0.536046,1.513743,-1.031966,0,320,0,0.3788686,-0.07800841,-0.1005619,-0.1846332,-0.1317004,-0.03017928,0.02827604,1.567435,-1.107886,0.03027604,2.207434,-2.411886,0.06030273,15.9032,15.9635,
#leftArmCube,-0.3081098,1.435734,-1.12801,2.514003,1.714564,0,tunelzinho18_bar,-0.536046,1.513743,-1.031966,0,320,0,0.2279362,-0.07800841,-0.09604394,-0.3356331,-0.1317004,-0.03017934,0.02827604,1.567435,-1.107886,0.03027604,2.207434,-2.411886,0.06407166,15.9032,15.96727,
#leftForeArmCube,-0.5918555,1.435734,-1.315696,2.514003,1.714564,0,tunelzinho18_bar,-0.536046,1.513743,-1.031966,0,320,0,-0.0558095,-0.07800841,-0.2837299,-0.6135032,-0.1317004,-0.03017929,0.02227604,1.567435,-1.303886,0.02327604,2.207434,-2.669886,0.2170877,15.9032,16.12029,
#leftHandPinkyCube,-0.8675105,1.451508,-1.377655,2.513832,1.714564,0,tunelzinho18_support (1),-0.9280901,0.8645127,-1.36093,0,320,0,0.0605796,0.5869954,-0.01672482,-0.8872287,-0.1159265,-0.06534404,0.02127604,1.567435,-1.338886,0.02127604,2.207434,-2.728886,2.670288E-05,16.17779,16.17782,
#leftHandRingCube,-0.8788593,1.450656,-1.418518,2.513832,1.714564,0,tunelzinho18_support (1),-0.9280901,0.8645127,-1.36093,0,320,0,0.04923075,0.5861429,-0.05758774,-0.897116,-0.1167789,-0.04749491,0.01927604,1.567435,-1.397886,0.02027604,2.207434,-2.771886,0.06643105,16.17779,16.24422,
#leftHandMiddleCube,-0.8855072,1.449701,-1.481663,2.513832,1.714564,0,tunelzinho18_support (1),-0.9280901,0.8645127,-1.36093,0,320,0,0.04258293,0.5851886,-0.1207328,-0.9014161,-0.1177332,-0.02575884,0.01627604,1.567435,-1.482886,0.01827604,2.207434,-2.823886,0.20788,16.17779,16.38567,
#leftHandIndexCube,-0.8889719,1.448763,-1.46017,2.513832,1.714564,0,tunelzinho18_support (1),-0.9280901,0.8645127,-1.36093,0,320,0,0.03911817,0.58425,-0.09924006,-0.9055224,-0.1186719,-0.004379406,0.01627604,1.567435,-1.482886,0.01827604,2.207434,-2.823886,0.2121677,16.17779,16.38996,
