#LeftUpLegSphere,0.02670391,0.9210613,1.132793,0,1.714564,0,task1Objects_barril4,-0.05135536,0.2245206,1.028092,0,270,0,0.07805927,0.6965407,0.1047008,-0.07333788,-0.6463733,0.0244955,0.09927604,1.567435,1.106114,0.08927604,2.207434,-0.333886,0.1046305,12.07527,12.1799,
#LeftLegSphere,0.02670389,0.5050613,1.152793,0,1.714564,0,task1Objects_barril4,-0.05135536,0.2245206,1.028092,0,270,0,0.07805926,0.2805406,0.1247008,-0.0733379,-1.062373,0.0244955,0.09927604,1.567435,1.126114,0.09927604,2.207434,-0.2938861,0.2941513,12.07527,12.36942,
#LeftUpLegCube,0.02370526,0.7090614,1.222883,0,1.714564,0,task1Objects_barril4,-0.05135536,0.2245206,1.028092,0,270,0,0.07506062,0.4845408,0.1947906,-0.07633787,-0.8583732,0.0244955,0.09927604,1.567435,1.196114,0.09927604,2.207434,-0.2738861,0.3272896,12.07527,12.40256,
#LeftLegCube,0.02091924,0.2997614,1.276654,0,1.714564,0,task1Objects_barril4,-0.05135536,0.2245206,1.028092,0,270,0,0.0722746,0.07524079,0.2485625,-0.07833789,-1.267673,-0.001804183,0.09927604,1.567435,1.276114,0.09927604,2.207434,-0.203886,0.4493475,12.07527,12.52462,
#spineCube,0.09970291,1.202057,1.290374,0,1.714564,0,task1Objects_barril4,-0.05135536,0.2245206,1.028092,0,270,0,0.1510583,0.9775365,0.2622824,3.72529E-09,-0.3653774,0.01426683,0.09927604,1.567435,1.276114,0.09927604,2.207434,-0.203886,0.452117,12.07527,12.52739,
#LeftUpLegSphere,0.01670391,0.9210613,0.9027927,0,1.714564,0,task1Objects_barril4,-0.05135536,0.2245206,1.028092,0,270,0,0.06805927,0.6965407,-0.1252992,-0.07333788,-0.6463733,0.0244955,0.08927605,1.567435,0.8761139,0.08927604,2.207434,-0.4638861,0.04987717,14.21128,14.26115,
#LeftLegSphere,0.0167039,0.5050613,0.9027926,0,1.714564,0,task1Objects_barril4,-0.05135536,0.2245206,1.028092,0,270,0,0.06805926,0.2805406,-0.1252993,-0.0733379,-1.062373,0.02449544,0.08927605,1.567435,0.8761139,0.08927604,2.207434,-0.4638861,0.05358887,14.21128,14.26487,
#LeftLegCube,0.01091924,0.2997614,0.7966544,0,1.714564,0,task1Objects_barril4,-0.05135536,0.2245206,1.028092,0,270,0,0.06227461,0.07524079,-0.2314375,-0.07833789,-1.267673,-0.001804183,0.08927605,1.567435,0.7961139,0.08927604,2.207434,-0.5238861,0.09422016,14.21128,14.3055,
#LeftUpLegCube,0.01370526,0.7090614,0.8228825,0,1.714564,0,task1Objects_barril4,-0.05135536,0.2245206,1.028092,0,270,0,0.06506062,0.4845408,-0.2052094,-0.07633787,-0.8583732,0.0244955,0.08927605,1.567435,0.7961139,0.08927604,2.207434,-0.5238861,0.09716606,14.21128,14.30844,
#spineCube,0.07970291,1.202057,0.6403743,0,1.714564,0,task1Objects_barril4,-0.05135536,0.2245206,1.028092,0,270,0,0.1310583,0.9775365,-0.3877176,3.72529E-09,-0.3653774,0.01426683,0.07927604,1.567435,0.6261139,0.08927604,2.207434,-0.6038861,0.1178389,14.21128,14.32912,
#LeftLegSphere,-0.0032961,0.5050613,0.3927927,0,1.714564,0,prop_fan_prop_fan_005,-0.03201675,0.1740001,-0.02502584,0,0,0,0.02872065,0.3310612,0.4178185,-0.0733379,-1.062373,0.02449547,0.06927605,1.567435,0.3661139,0.06927604,2.207434,-1.173886,0.4517097,20.63869,21.09039,
#RightLegSphere,0.15231,0.5050613,0.3881348,0,1.714564,0,prop_fan_prop_fan_005,-0.03201675,0.1740001,-0.02502584,0,0,0,0.1843267,0.3310612,0.4131607,0.08233787,-1.062373,0.02449547,0.06927605,1.567435,0.3661139,0.06927604,2.207434,-1.173886,0.4549198,20.63869,21.09361,
#LeftLegCube,-0.009080753,0.2997614,0.3666544,0,1.714564,0,prop_fan_prop_fan_005,-0.03201675,0.1740001,-0.02502584,0,0,0,0.022936,0.1257614,0.3916802,-0.07833789,-1.267673,-0.001804183,0.06927605,1.567435,0.3661139,0.06927604,2.207434,-1.173886,0.4624882,20.63869,21.10117,
#RightLegCube,0.1515231,0.2997614,0.3618469,0,1.714564,0,prop_fan_prop_fan_005,-0.03201675,0.1740001,-0.02502584,0,0,0,0.1835398,0.1257614,0.3868728,0.08233789,-1.267673,-0.001804183,0.06927605,1.567435,0.3661139,0.06927604,2.207434,-1.173886,0.4702721,20.63869,21.10896,
#RightLegCube,0.1615231,0.2997614,0.5018469,0,1.714564,0,obstacle2_support,0.2081652,0.1887213,0.2958713,0,135,0,-0.04664209,0.1110401,0.2059757,0.08233787,-1.267673,-0.001804183,0.07927604,1.567435,0.5061139,0.06927604,2.207434,-0.9938861,0.2062016,21.0051,21.2113,
#RightLegCube,0.1615231,0.2997614,0.5018469,0,1.714564,0,obstacle2_bar,0.7293072,0.240933,0.8170133,0,135,0,-0.5677841,0.05882844,-0.3151664,0.08233787,-1.267673,-0.001804183,0.07927604,1.567435,0.5061139,0.06927604,2.207434,-0.9938861,0.1103077,21.11143,21.22174,
#RightFootSphere,0.152301,0.09676134,0.1878353,0,1.714564,0,obstacle2_support,0.2081652,0.1887213,0.2958713,0,135,0,-0.05586417,-0.09195996,-0.1080359,0.08233787,-1.470673,0.02419584,0.06927605,1.567435,0.1661139,0.06927604,2.207434,-1.133886,0.05992508,23.38598,23.44591,
#RightLegCube,0.1515231,0.2997614,0.161847,0,1.714564,0,obstacle2_bar,0.7293072,0.240933,0.8170133,0,135,0,-0.5777841,0.05882844,-0.6551663,0.08233789,-1.267673,-0.001804168,0.06927605,1.567435,0.1661139,0.06927604,2.207434,-1.133886,0.06603432,23.38599,23.45203,
#RightLegCube,0.1515231,0.2997614,0.161847,0,1.714564,0,obstacle2_support,0.2081652,0.1887213,0.2958713,0,135,0,-0.05664209,0.1110401,-0.1340243,0.08233789,-1.267673,-0.001804168,0.06927605,1.567435,0.1661139,0.06927604,2.207434,-1.133886,0.06906891,23.38598,23.45505,
#RightLegSphere,0.13231,0.5050613,-0.3418652,0,1.714564,0,prop_fan_prop_fan_005,-0.03201675,0.1740001,-0.02502584,0,0,0,0.1643267,0.3310612,-0.3168393,0.08233787,-1.062373,0.02449547,0.04927604,1.567435,-0.3638861,0.04927604,2.207434,-1.743886,0.1492558,23.45783,23.60709,
#LeftLegSphere,-0.0232961,0.5050613,-0.3372073,0,1.714564,0,prop_fan_prop_fan_005,-0.03201675,0.1740001,-0.02502584,0,0,0,0.008720651,0.3310612,-0.3121815,-0.0733379,-1.062373,0.02449547,0.04927604,1.567435,-0.3638861,0.04927604,2.207434,-1.743886,0.1515884,23.45783,23.60942,
#RightLegCube,0.1315231,0.2997614,-0.5381531,0,1.714564,0,prop_fan_prop_fan_005,-0.03201675,0.1740001,-0.02502584,0,0,0,0.1635398,0.1257614,-0.5131272,0.08233787,-1.267673,-0.001804183,0.04927604,1.567435,-0.5338861,0.04927604,2.207434,-1.783886,0.2321396,23.45783,23.68997,
#LeftLegCube,-0.02908076,0.2997614,-0.5333456,0,1.714564,0,prop_fan_prop_fan_005,-0.03201675,0.1740001,-0.02502584,0,0,0,0.002935998,0.1257614,-0.5083197,-0.07833789,-1.267673,-0.001804183,0.04927604,1.567435,-0.5338861,0.04927604,2.207434,-1.783886,0.2352734,23.45783,23.6931,
