#LeftUpLegSphere,0.01670391,0.9210613,1.142793,0,1.714564,0,task1Objects_barril4,-0.05135536,0.2245206,1.028092,0,270,0,0.06805927,0.6965407,0.1147008,-0.07333788,-0.6463733,0.0244955,0.08927605,1.567435,1.116114,0.08927604,2.207434,-0.3038861,0.8049259,15.95674,16.76167,
#LeftLegSphere,0.0167039,0.5050613,1.242793,0,1.714564,0,task1Objects_barril4,-0.05135536,0.2245206,1.028092,0,270,0,0.06805926,0.2805406,0.2147008,-0.0733379,-1.062373,0.0244955,0.08927605,1.567435,1.216114,0.08927604,2.207434,-0.2838861,0.8936996,15.95674,16.85044,
#LeftUpLegCube,0.01370526,0.7090614,1.242882,0,1.714564,0,task1Objects_barril4,-0.05135536,0.2245206,1.028092,0,270,0,0.06506062,0.4845408,0.2147906,-0.07633787,-0.8583732,0.0244955,0.08927605,1.567435,1.216114,0.08927604,2.207434,-0.2838861,0.909481,15.95674,16.86622,
#LeftLegCube,0.01091924,0.2997614,1.216654,0,1.714564,0,task1Objects_barril4,-0.05135536,0.2245206,1.028092,0,270,0,0.06227461,0.07524079,0.1885625,-0.07833789,-1.267673,-0.001804183,0.08927605,1.567435,1.216114,0.08927604,2.207434,-0.2838861,0.946022,15.95674,16.90276,
#spineCube,0.09970291,1.202057,1.270374,0,1.714564,0,task1Objects_barril4,-0.05135536,0.2245206,1.028092,0,270,0,0.1510583,0.9775365,0.2422824,3.72529E-09,-0.3653774,0.01426683,0.09927604,1.567435,1.256114,0.08927604,2.207434,-0.1838861,1.105555,15.95674,17.06229,
#LeftLegSphere,0.0167039,0.5050613,0.8327926,0,1.714564,0,task1Objects_barril4,-0.05135536,0.2245206,1.028092,0,270,0,0.06805926,0.2805406,-0.1952993,-0.0733379,-1.062373,0.02449544,0.08927605,1.567435,0.8061139,0.08927604,2.207434,-0.4838861,0.03661728,20.88169,20.9183,
#LeftUpLegSphere,0.01670391,0.9210613,0.8327927,0,1.714564,0,task1Objects_barril4,-0.05135536,0.2245206,1.028092,0,270,0,0.06805927,0.6965407,-0.1952992,-0.07333788,-0.6463733,0.0244955,0.08927605,1.567435,0.8061139,0.08927604,2.207434,-0.4838861,0.05045891,20.88169,20.93214,
#LeftLegCube,0.01091924,0.2997614,0.8066544,0,1.714564,0,task1Objects_barril4,-0.05135536,0.2245206,1.028092,0,270,0,0.06227461,0.07524079,-0.2214375,-0.07833789,-1.267673,-0.001804183,0.08927605,1.567435,0.8061139,0.08927604,2.207434,-0.4838861,0.06898117,20.88169,20.95067,
#LeftUpLegCube,0.01370526,0.7090614,0.8328825,0,1.714564,0,task1Objects_barril4,-0.05135536,0.2245206,1.028092,0,270,0,0.06506062,0.4845408,-0.1952094,-0.07633787,-0.8583732,0.0244955,0.08927605,1.567435,0.8061139,0.08927604,2.207434,-0.4838861,0.07414818,20.88169,20.95583,
#spineCube,0.07970291,1.202057,0.4503743,0,1.714564,0,task1Objects_barril4,-0.05135536,0.2245206,1.028092,0,270,0,0.1310583,0.9775365,-0.5777175,3.72529E-09,-0.3653774,0.01426683,0.07927604,1.567435,0.4361139,0.08927604,2.207434,-0.5938861,0.09808731,20.88169,20.97977,
