#bar,0.6849546,1.513743,-0.9940381,0,40,0,tunelzinho1_support,1.076999,0.8645127,-1.323002,0,40,0,-0.3920441,0.6492299,0.3289642,2.038633,-0.3526923,-0.7620163,-1.353678,1.866435,-0.2320217,-1.353678,2.506435,-1.632021,0.009386301,2.624472,2.633858,
#support,1.076999,0.8645127,-1.323002,0,40,0,tunelzinho1_bar,0.6849546,1.513743,-0.9940381,0,40,0,0.3920441,-0.6492299,-0.3289642,2.430677,-1.001922,-1.09098,-1.353678,1.866435,-0.2320217,-1.353678,2.506435,-1.632021,0.01389742,2.624484,2.638381,
#bar,0.6849546,1.513743,-0.9940381,0,40,0,tunelzinho1_support (1),0.2929096,0.8645127,-0.6650748,0,40,0,0.392045,0.6492299,-0.3289633,2.038633,-0.3526923,-0.7620163,-1.353678,1.866435,-0.2320217,-1.353678,2.506435,-1.632021,0.02205467,2.624483,2.646538,
#support (1),0.2929096,0.8645127,-0.6650748,0,40,0,tunelzinho1_bar,0.6849546,1.513743,-0.9940381,0,40,0,-0.392045,-0.6492299,0.3289633,1.646588,-1.001922,-0.4330529,-1.353678,1.866435,-0.2320217,-1.353678,2.506435,-1.632021,0.03007865,2.624484,2.654563,
#support,1.254999,0.8645127,-1.036001,0,30.00001,0,tunelzinho2_bar,0.8117867,1.513743,-0.7801127,0,30.00001,0,0.4432125,-0.6492299,-0.255888,2.608677,-1.001922,-0.8039788,-1.353678,1.866435,-0.2320217,-1.353678,2.506435,-1.632021,0.03777242,2.624454,2.662227,
#bar,0.8117867,1.513743,-0.7801127,0,30.00001,0,tunelzinho2_support,1.254999,0.8645127,-1.036001,0,30.00001,0,-0.4432125,0.6492299,0.255888,2.165465,-0.3526922,-0.5480909,-1.353678,1.866435,-0.2320217,-1.353678,2.506435,-1.632021,0.03981066,2.624448,2.664258,
#support (1),0.3685741,0.8645127,-0.5242248,0,30.00001,0,tunelzinho2_bar,0.8117867,1.513743,-0.7801127,0,30.00001,0,-0.4432125,-0.6492299,0.255888,1.722252,-1.001922,-0.2922029,-1.353678,1.866435,-0.2320217,-1.353678,2.506435,-1.632021,0.04178119,2.624454,2.666236,
#bar,0.8117867,1.513743,-0.7801127,0,30.00001,0,tunelzinho2_support (1),0.3685741,0.8645127,-0.5242248,0,30.00001,0,0.4432125,0.6492299,-0.255888,2.165465,-0.3526922,-0.5480909,-1.353678,1.866435,-0.2320217,-1.353678,2.506435,-1.632021,0.04362369,2.624458,2.668082,
#bar,0.8830853,1.513743,-0.5469642,0,20,0,tunelzinho3_support,1.363999,0.8645127,-0.7220006,0,20,0,-0.4809141,0.6492299,0.1750364,2.236763,-0.3526922,-0.3149424,-1.353678,1.866435,-0.2320217,-1.353678,2.506435,-1.632021,0.04620838,2.624405,2.670614,
#support,1.363999,0.8645127,-0.7220006,0,20,0,tunelzinho3_bar,0.8830853,1.513743,-0.5469642,0,20,0,0.4809141,-0.6492299,-0.1750364,2.717677,-1.001922,-0.4899787,-1.353678,1.866435,-0.2320217,-1.353678,2.506435,-1.632021,0.04858685,2.624424,2.673011,
#bar,0.8830853,1.513743,-0.5469642,0,20,0,tunelzinho3_support (1),0.4021721,0.8645127,-0.3719249,0,20,0,0.4809132,0.6492299,-0.1750393,2.236763,-0.3526922,-0.3149424,-1.353678,1.866435,-0.2320217,-1.353678,2.506435,-1.632021,0.06334162,2.624423,2.687765,
#support (1),0.4021721,0.8645127,-0.3719249,0,20,0,tunelzinho3_bar,0.8830853,1.513743,-0.5469642,0,20,0,-0.4809132,-0.6492299,0.1750393,1.75585,-1.001922,-0.139903,-1.353678,1.866435,-0.2320217,-1.353678,2.506435,-1.632021,0.07423711,2.624424,2.698661,
#support,1.413999,0.8645127,-0.3950019,0,10,0,tunelzinho4_bar,0.909996,1.513743,-0.3061328,0,10,0,0.504003,-0.6492299,-0.08886909,2.767677,-1.001922,-0.16298,-1.353678,1.866435,-0.2320217,-1.353678,2.506435,-1.632021,0.08210063,2.624414,2.706515,
#bar,0.909996,1.513743,-0.3061328,0,10,0,tunelzinho4_support,1.413999,0.8645127,-0.3950019,0,10,0,-0.504003,0.6492299,0.08886909,2.263674,-0.3526922,-0.07411099,-1.353678,1.866435,-0.2320217,-1.353678,2.506435,-1.632021,0.09747434,2.624404,2.721878,
#support (1),0.4059944,0.8645127,-0.2172618,0,10,0,tunelzinho4_bar,0.909996,1.513743,-0.3061328,0,10,0,-0.5040016,-0.6492299,0.088871,1.759673,-1.001922,0.01476011,-1.353678,1.866435,-0.2320217,-1.353678,2.506435,-1.632021,0.1057711,2.624414,2.730185,
#bar,0.909996,1.513743,-0.3061328,0,10,0,tunelzinho4_support (1),0.4059944,0.8645127,-0.2172618,0,10,0,0.5040016,0.6492299,-0.088871,2.263674,-0.3526922,-0.07411099,-1.353678,1.866435,-0.2320217,-1.353678,2.506435,-1.632021,0.1079648,2.624417,2.732382,
#support,1.423999,0.8645127,-0.04400206,0,0,0,tunelzinho5_bar,0.9122219,1.513743,-0.04400206,0,0,0,0.5117774,-0.6492299,0,2.777677,-1.001922,0.1880199,-1.353678,1.866435,-0.2320217,-1.353678,2.506435,-1.632021,0.109952,2.624418,2.73437,
#bar,0.9122219,1.513743,-0.04400206,0,0,0,tunelzinho5_support,1.423999,0.8645127,-0.04400206,0,0,0,-0.5117774,0.6492299,0,2.2659,-0.3526921,0.1880198,-1.353678,1.866435,-0.2320217,-1.353678,2.506435,-1.632021,0.1122234,2.624399,2.736622,
#support (1),0.4004431,0.8645127,-0.0440011,0,0,0,tunelzinho5_bar,0.9122219,1.513743,-0.04400206,0,0,0,-0.5117788,-0.6492299,9.536743E-07,1.754121,-1.001922,0.1880208,-1.353678,1.866435,-0.2320217,-1.353678,2.506435,-1.632021,0.1142244,2.624418,2.738643,
#bar,0.9122219,1.513743,-0.04400206,0,0,0,tunelzinho5_support (1),0.4004431,0.8645127,-0.0440011,0,0,0,0.5117788,0.6492299,-9.536743E-07,2.2659,-0.3526921,0.1880198,-1.353678,1.866435,-0.2320217,-1.353678,2.506435,-1.632021,0.1228192,2.624422,2.747241,
#bar,0.9219971,1.513743,0.2021298,0,350,0,tunelzinho6_support,1.425999,0.8645127,0.2909985,0,350,0,-0.5040021,0.6492299,-0.08886862,2.275675,-0.3526921,0.4341516,-1.353678,1.866435,-0.2320217,-1.353678,2.506435,-1.632021,0.1271243,2.624387,2.751512,
#support,1.425999,0.8645127,0.2909985,0,350,0,tunelzinho6_bar,0.9219971,1.513743,0.2021298,0,350,0,0.5040021,-0.6492299,0.08886862,2.779677,-1.001922,0.5230204,-1.353678,1.866435,-0.2320217,-1.353678,2.506435,-1.632021,0.1292665,2.62441,2.753676,
#support (1),0.4179935,0.8645127,0.1132607,0,350,0,tunelzinho6_bar,0.9219971,1.513743,0.2021298,0,350,0,-0.5040035,-0.6492299,-0.08886909,1.771672,-1.001922,0.3452826,-1.353678,1.866435,-0.2320217,-1.353678,2.506435,-1.632021,0.1322045,2.62441,2.756614,
#bar,0.9219971,1.513743,0.2021298,0,350,0,tunelzinho6_support (1),0.4179935,0.8645127,0.1132607,0,350,0,0.5040035,0.6492299,0.08886909,2.275675,-0.3526921,0.4341516,-1.353678,1.866435,-0.2320217,-1.353678,2.506435,-1.632021,0.1369793,2.624413,2.761392,
#support,1.335999,0.8645127,0.6069989,0,340,0,tunelzinho7_bar,0.8550854,1.513743,0.4319596,0,340,0,0.4809141,-0.6492299,0.1750393,2.689677,-1.001922,0.8390208,-1.353678,1.866435,-0.2320217,-1.353678,2.506435,-1.632021,0.1392081,2.62445,2.763658,
#bar,0.8550854,1.513743,0.4319596,0,340,0,tunelzinho7_support,1.335999,0.8645127,0.6069989,0,340,0,-0.4809141,0.6492299,-0.1750393,2.208763,-0.3526921,0.6639814,-1.353678,1.866435,-0.2320217,-1.353678,2.506435,-1.632021,0.1413991,2.624443,2.765842,
#bar,0.8550854,1.513743,0.4319596,0,340,0,tunelzinho7_support (1),0.3741722,0.8645127,0.2569222,0,340,0,0.4809132,0.6492299,0.1750374,2.208763,-0.3526921,0.6639814,-1.353678,1.866435,-0.2320217,-1.353678,2.506435,-1.632021,0.1434813,2.624449,2.767931,
#support (1),0.3741722,0.8645127,0.2569222,0,340,0,tunelzinho7_bar,0.8550854,1.513743,0.4319596,0,340,0,-0.4809132,-0.6492299,-0.1750374,1.72785,-1.001922,0.4889442,-1.353678,1.866435,-0.2320217,-1.353678,2.506435,-1.632021,0.1454585,2.62445,2.769908,
#support,1.225999,0.8645127,0.9209991,0,330,0,tunelzinho8_bar,0.7827864,1.513743,0.6651092,0,330,0,0.4432125,-0.6492299,0.2558899,2.579677,-1.001922,1.153021,-1.353678,1.866435,-0.2320217,-1.353678,2.506435,-1.632021,0.1477776,2.624467,2.772245,
#bar,0.7827864,1.513743,0.6651092,0,330,0,tunelzinho8_support,1.225999,0.8645127,0.9209991,0,330,0,-0.4432125,0.6492299,-0.2558899,2.136464,-0.352692,0.897131,-1.353678,1.866435,-0.2320217,-1.353678,2.506435,-1.632021,0.1536126,2.624464,2.778076,
#bar,0.7827864,1.513743,0.6651092,0,330,0,tunelzinho8_support (1),0.3395739,0.8645127,0.4092212,0,330,0,0.4432125,0.6492299,0.255888,2.136464,-0.352692,0.897131,-1.353678,1.866435,-0.2320217,-1.353678,2.506435,-1.632021,0.1562603,2.624466,2.780726,
#support (1),0.3395739,0.8645127,0.4092212,0,330,0,tunelzinho8_bar,0.7827864,1.513743,0.6651092,0,330,0,-0.4432125,-0.6492299,-0.255888,1.693252,-1.001922,0.6412431,-1.353678,1.866435,-0.2320217,-1.353678,2.506435,-1.632021,0.1588755,2.624467,2.783343,
#support,1.059999,0.8645127,1.193998,0,320,0,tunelzinho9_bar,0.6679544,1.513743,0.8650336,0,320,0,0.3920441,-0.6492299,0.3289642,2.413677,-1.001922,1.42602,-1.353678,1.866435,-0.2320217,-1.353678,2.506435,-1.632021,0.1617243,2.624489,2.786213,
#bar,0.6679544,1.513743,0.8650336,0,320,0,tunelzinho9_support,1.059999,0.8645127,1.193998,0,320,0,-0.3920441,0.6492299,-0.3289642,2.021632,-0.352692,1.097055,-1.353678,1.866435,-0.2320217,-1.353678,2.506435,-1.632021,0.1720409,2.624481,2.796522,
#bar,0.6679544,1.513743,0.8650336,0,320,0,tunelzinho9_support (1),0.2759094,0.8645127,0.5360703,0,320,0,0.392045,0.6492299,0.3289633,2.021632,-0.352692,1.097055,-1.353678,1.866435,-0.2320217,-1.353678,2.506435,-1.632021,0.1777728,2.624488,2.802261,
#support (1),0.2759094,0.8645127,0.5360703,0,320,0,tunelzinho9_bar,0.6679544,1.513743,0.8650336,0,320,0,-0.392045,-0.6492299,-0.3289633,1.629588,-1.001922,0.7680923,-1.353678,1.866435,-0.2320217,-1.353678,2.506435,-1.632021,0.1798513,2.624489,2.80434,
#support,-0.2830019,0.8645127,0.3989997,0,30.00001,0,tunelzinho11_bar,-0.7262144,1.513743,0.6548877,0,30.00001,0,0.4432125,-0.6492299,-0.255888,1.070676,-1.001922,0.6310216,-1.353678,1.866435,-0.2320217,-1.353678,2.506435,-1.632021,0.1844244,2.624517,2.808941,
#bar,-0.7262144,1.513743,0.6548877,0,30.00001,0,tunelzinho11_support,-0.2830019,0.8645127,0.3989997,0,30.00001,0,-0.4432125,0.6492299,0.255888,0.6274637,-0.352692,0.8869095,-1.353678,1.866435,-0.2320217,-1.353678,2.506435,-1.632021,0.1890237,2.624516,2.813539,
#support (1),-1.169427,0.8645127,0.9107757,0,30.00001,0,tunelzinho11_bar,-0.7262144,1.513743,0.6548877,0,30.00001,0,-0.4432125,-0.6492299,0.255888,0.1842512,-1.001922,1.142798,-1.353678,1.866435,-0.2320217,-1.353678,2.506435,-1.632021,0.1936517,2.624517,2.818168,
#bar,-0.7262144,1.513743,0.6548877,0,30.00001,0,tunelzinho11_support (1),-1.169427,0.8645127,0.9107757,0,30.00001,0,0.4432125,0.6492299,-0.255888,0.6274637,-0.352692,0.8869095,-1.353678,1.866435,-0.2320217,-1.353678,2.506435,-1.632021,0.1957715,2.624522,2.820293,
#support,-0.1960011,0.8645127,0.5309987,0,40,0,tunelzinho10_bar,-0.5880461,1.513743,0.859962,0,40,0,0.392045,-0.6492299,-0.3289633,1.157677,-1.001922,0.7630206,-1.353678,1.866435,-0.2320217,-1.353678,2.506435,-1.632021,0.1979001,2.624503,2.822403,
#bar,-0.5880461,1.513743,0.859962,0,40,0,tunelzinho10_support,-0.1960011,0.8645127,0.5309987,0,40,0,-0.392045,0.6492299,0.3289633,0.765632,-0.352692,1.091984,-1.353678,1.866435,-0.2320217,-1.353678,2.506435,-1.632021,0.203506,2.624503,2.828009,
#support (1),-0.9800901,0.8645127,1.188928,0,40,0,tunelzinho10_bar,-0.5880461,1.513743,0.859962,0,40,0,-0.3920441,-0.6492299,0.3289661,0.373588,-1.001922,1.42095,-1.353678,1.866435,-0.2320217,-1.353678,2.506435,-1.632021,0.2059469,2.624503,2.83045,
#bar,-0.5880461,1.513743,0.859962,0,40,0,tunelzinho10_support (1),-0.9800901,0.8645127,1.188928,0,40,0,0.3920441,0.6492299,-0.3289661,0.765632,-0.352692,1.091984,-1.353678,1.866435,-0.2320217,-1.353678,2.506435,-1.632021,0.2080252,2.624505,2.83253,
#bar,-0.8079157,1.513743,0.4530368,0,20,0,tunelzinho12_support,-0.3270006,0.8645127,0.2779975,0,20,0,-0.4809151,0.6492299,0.1750393,0.5457624,-0.3526921,0.6850586,-1.353678,1.866435,-0.2320217,-1.353678,2.506435,-1.632021,0.2102895,2.62453,2.834819,
#support,-0.3270006,0.8645127,0.2779975,0,20,0,tunelzinho12_bar,-0.8079157,1.513743,0.4530368,0,20,0,0.4809151,-0.6492299,-0.1750393,1.026677,-1.001922,0.5100194,-1.353678,1.866435,-0.2320217,-1.353678,2.506435,-1.632021,0.2252903,2.624533,2.849824,
#bar,-0.8079157,1.513743,0.4530368,0,20,0,tunelzinho12_support (1),-1.288829,0.8645127,0.6280742,0,20,0,0.4809132,0.6492299,-0.1750374,0.5457624,-0.3526921,0.6850586,-1.353678,1.866435,-0.2320217,-1.353678,2.506435,-1.632021,0.227514,2.624533,2.852047,
#support (1),-1.288829,0.8645127,0.6280742,0,20,0,tunelzinho12_bar,-0.8079157,1.513743,0.4530368,0,20,0,-0.4809132,-0.6492299,0.1750374,0.06484926,-1.001922,0.8600961,-1.353678,1.866435,-0.2320217,-1.353678,2.506435,-1.632021,0.2298028,2.624533,2.854336,
#bar,-0.833004,1.513743,0.1978688,0,10,0,tunelzinho13_support,-0.3290014,0.8645127,0.1089988,0,10,0,-0.5040026,0.6492299,0.08887005,0.5206741,-0.3526921,0.4298906,-1.353678,1.866435,-0.2320217,-1.353678,2.506435,-1.632021,0.2376451,2.624536,2.862181,
#support,-0.3290014,0.8645127,0.1089988,0,10,0,tunelzinho13_bar,-0.833004,1.513743,0.1978688,0,10,0,0.5040026,-0.6492299,-0.08887005,1.024677,-1.001922,0.3410207,-1.353678,1.866435,-0.2320217,-1.353678,2.506435,-1.632021,0.240329,2.624548,2.864877,
#bar,-0.833004,1.513743,0.1978688,0,10,0,tunelzinho13_support (1),-1.337007,0.8645127,0.286737,0,10,0,0.5040026,0.6492299,-0.08886814,0.5206741,-0.3526921,0.4298906,-1.353678,1.866435,-0.2320217,-1.353678,2.506435,-1.632021,0.2428067,2.624547,2.867354,
#support (1),-1.337007,0.8645127,0.286737,0,10,0,tunelzinho13_bar,-0.833004,1.513743,0.1978688,0,10,0,-0.5040026,-0.6492299,0.08886814,0.01667155,-1.001922,0.5187589,-1.353678,1.866435,-0.2320217,-1.353678,2.506435,-1.632021,0.2452226,2.624548,2.869771,
#support,-0.3450012,0.8645127,-0.08000135,0,0,0,tunelzinho14_bar,-0.8567791,1.513743,-0.08000326,0,0,0,0.5117779,-0.6492299,1.907349E-06,1.008677,-1.001922,0.1520206,-1.353678,1.866435,-0.2320217,-1.353678,2.506435,-1.632021,0.2483819,2.624544,2.872926,
#bar,-0.8567791,1.513743,-0.08000326,0,0,0,tunelzinho14_support,-0.3450012,0.8645127,-0.08000135,0,0,0,-0.5117779,0.6492299,-1.907349E-06,0.496899,-0.3526921,0.1520185,-1.353678,1.866435,-0.2320217,-1.353678,2.506435,-1.632021,0.2543201,2.624546,2.878866,
#bar,-0.8567791,1.513743,-0.08000326,0,0,0,tunelzinho14_support (1),-1.368556,0.8645127,-0.08000231,0,0,0,0.5117769,0.6492299,-9.536743E-07,0.496899,-0.3526921,0.1520185,-1.353678,1.866435,-0.2320217,-1.353678,2.506435,-1.632021,0.2603734,2.624361,2.884734,
#support (1),-1.368556,0.8645127,-0.08000231,0,0,0,tunelzinho14_bar,-0.8567791,1.513743,-0.08000326,0,0,0,-0.5117769,-0.6492299,9.536743E-07,-0.01487791,-1.001922,0.1520196,-1.353678,1.866435,-0.2320217,-1.353678,2.506435,-1.632021,0.2623405,2.624544,2.886884,
#LeftFoot,-1.448464,0.4108615,-0.2857766,9.334667E-06,0,0,tunelzinho14_support (1),-1.368556,0.8645127,-0.08000231,0,0,0,-0.07990789,-0.4536512,-0.2057743,-0.0947858,-1.455573,-0.05375467,-1.353678,1.866435,-0.2320217,-1.353678,2.506435,-1.632021,0.2673066,2.624361,2.891667,
#bar,-0.8380041,1.513743,-0.3358712,0,350,0,tunelzinho15_support,-0.3340015,0.8645127,-0.2470031,0,350,0,-0.5040026,0.6492299,-0.08886814,0.515674,-0.3526922,-0.1038494,-1.353678,1.866435,-0.2320217,-1.353678,2.506435,-1.632021,0.271116,2.624541,2.895657,
#support,-0.3340015,0.8645127,-0.2470031,0,350,0,tunelzinho15_bar,-0.8380041,1.513743,-0.3358712,0,350,0,0.5040026,-0.6492299,0.08886814,1.019677,-1.001922,-0.01498117,-1.353678,1.866435,-0.2320217,-1.353678,2.506435,-1.632021,0.2733357,2.62455,2.897886,
#support (1),-1.342008,0.8645127,-0.4247403,0,350,0,tunelzinho15_bar,-0.8380041,1.513743,-0.3358712,0,350,0,-0.5040035,-0.6492299,-0.08886909,0.01167048,-1.001922,-0.1927184,-1.353678,1.866435,-0.2320217,-1.353678,2.506435,-1.632021,0.2759023,2.62455,2.900453,
#bar,-0.8380041,1.513743,-0.3358712,0,350,0,tunelzinho15_support (1),-1.342008,0.8645127,-0.4247403,0,350,0,0.5040035,0.6492299,0.08886909,0.515674,-0.3526922,-0.1038494,-1.353678,1.866435,-0.2320217,-1.353678,2.506435,-1.632021,0.2781272,2.624552,2.902679,
#Hips,-1.352,1.252794,-0.26,9.334667E-06,0,0,tunelzinho15_support (1),-1.342008,0.8645127,-0.4247403,0,350,0,-0.009992361,0.3882812,0.1647403,0.001678117,-0.6136409,-0.02797815,-1.353678,1.866435,-0.2320217,-1.353678,2.506435,-1.632021,0.2806509,2.624552,2.905203,
#support,-0.2700014,0.8645127,-0.4180017,0,340,0,tunelzinho16_bar,-0.7509155,1.513743,-0.59304,0,340,0,0.4809141,-0.6492299,0.1750383,1.083677,-1.001922,-0.1859797,-1.353678,1.866435,-0.2320217,-1.353678,2.506435,-1.632021,0.2871807,2.624526,2.911707,
#bar,-0.7509155,1.513743,-0.59304,0,340,0,tunelzinho16_support,-0.2700014,0.8645127,-0.4180017,0,340,0,-0.4809141,0.6492299,-0.1750383,0.6027626,-0.3526922,-0.3610182,-1.353678,1.866435,-0.2320217,-1.353678,2.506435,-1.632021,0.2897022,2.624526,2.914228,
#support (1),-1.231829,0.8645127,-0.7680793,0,340,0,tunelzinho16_bar,-0.7509155,1.513743,-0.59304,0,340,0,-0.4809132,-0.6492299,-0.1750393,0.1218494,-1.001922,-0.5360574,-1.353678,1.866435,-0.2320217,-1.353678,2.506435,-1.632021,0.292062,2.624526,2.916588,
#bar,-0.7509155,1.513743,-0.59304,0,340,0,tunelzinho16_support (1),-1.231829,0.8645127,-0.7680793,0,340,0,0.4809132,0.6492299,0.1750393,0.6027626,-0.3526922,-0.3610182,-1.353678,1.866435,-0.2320217,-1.353678,2.506435,-1.632021,0.294409,2.624528,2.918937,
#bar,-0.6522141,1.513743,-0.8388915,0,330,0,tunelzinho17_support,-0.2090015,0.8645127,-0.5830016,0,330,0,-0.4432125,0.6492299,-0.2558899,0.7014641,-0.3526922,-0.6068697,-1.353678,1.866435,-0.2320217,-1.353678,2.506435,-1.632021,0.2969892,2.624507,2.921496,
#support,-0.2090015,0.8645127,-0.5830016,0,330,0,tunelzinho17_bar,-0.6522141,1.513743,-0.8388915,0,330,0,0.4432125,-0.6492299,0.2558899,1.144677,-1.001922,-0.3509797,-1.353678,1.866435,-0.2320217,-1.353678,2.506435,-1.632021,0.3035252,2.624511,2.928036,
#bar,-0.6522141,1.513743,-0.8388915,0,330,0,tunelzinho17_support (1),-1.095427,0.8645127,-1.094779,0,330,0,0.4432125,0.6492299,0.255888,0.7014641,-0.3526922,-0.6068697,-1.353678,1.866435,-0.2320217,-1.353678,2.506435,-1.632021,0.3061469,2.62451,2.930657,
#support (1),-1.095427,0.8645127,-1.094779,0,330,0,tunelzinho17_bar,-0.6522141,1.513743,-0.8388915,0,330,0,-0.4432125,-0.6492299,-0.255888,0.2582515,-1.001922,-0.8627576,-1.353678,1.866435,-0.2320217,-1.353678,2.506435,-1.632021,0.3085573,2.624511,2.933068,
#support,-0.144001,0.8645127,-0.7030025,0,320,0,tunelzinho18_bar,-0.536046,1.513743,-1.031966,0,320,0,0.392045,-0.6492299,0.3289633,1.209677,-1.001922,-0.4709806,-1.353678,1.866435,-0.2320217,-1.353678,2.506435,-1.632021,0.3111436,2.624497,2.93564,
#bar,-0.536046,1.513743,-1.031966,0,320,0,tunelzinho18_support,-0.144001,0.8645127,-0.7030025,0,320,0,-0.392045,0.6492299,-0.3289633,0.8176321,-0.3526923,-0.7999439,-1.353678,1.866435,-0.2320217,-1.353678,2.506435,-1.632021,0.3137236,2.624496,2.938219,
#support (1),-0.9280901,0.8645127,-1.36093,0,320,0,tunelzinho18_bar,-0.536046,1.513743,-1.031966,0,320,0,-0.3920441,-0.6492299,-0.3289642,0.425588,-1.001922,-1.128908,-1.353678,1.866435,-0.2320217,-1.353678,2.506435,-1.632021,0.3196068,2.624497,2.944103,
#bar,-0.536046,1.513743,-1.031966,0,320,0,tunelzinho18_support (1),-0.9280901,0.8645127,-1.36093,0,320,0,0.3920441,0.6492299,0.3289642,0.8176321,-0.3526923,-0.7999439,-1.353678,1.866435,-0.2320217,-1.353678,2.506435,-1.632021,0.3223252,2.624499,2.946824,
