#LeftLegSphere,0.02670389,0.5050613,1.162793,0,1.714564,0,task1Objects_barril4,-0.05135536,0.2245206,1.028092,0,270,0,0.07805926,0.2805406,0.1347008,-0.0733379,-1.062373,0.0244955,0.09927604,1.567435,1.136114,0.08927604,2.207434,-0.313886,0.6222277,9.848911,10.47114,
#LeftUpLegSphere,0.02670391,0.9210613,1.162793,0,1.714564,0,task1Objects_barril4,-0.05135536,0.2245206,1.028092,0,270,0,0.07805927,0.6965407,0.1347008,-0.07333788,-0.6463733,0.0244955,0.09927604,1.567435,1.136114,0.08927604,2.207434,-0.313886,0.6264095,9.848911,10.47532,
#LeftUpLegCube,0.02370526,0.7090614,1.232882,0,1.714564,0,task1Objects_barril4,-0.05135536,0.2245206,1.028092,0,270,0,0.07506062,0.4845408,0.2047906,-0.07633787,-0.8583732,0.0244955,0.09927604,1.567435,1.206114,0.09927604,2.207434,-0.2638861,0.6516447,9.848911,10.50056,
#LeftLegCube,0.02091924,0.2997614,1.206654,0,1.714564,0,task1Objects_barril4,-0.05135536,0.2245206,1.028092,0,270,0,0.0722746,0.07524079,0.1785625,-0.07833789,-1.267673,-0.001804183,0.09927604,1.567435,1.206114,0.09927604,2.207434,-0.2638861,0.655405,9.848911,10.50432,
#spineCube,0.09970291,1.202057,1.260374,0,1.714564,0,task1Objects_barril4,-0.05135536,0.2245206,1.028092,0,270,0,0.1510583,0.9775365,0.2322824,3.72529E-09,-0.3653774,0.01426683,0.09927604,1.567435,1.246114,0.09927604,2.207434,-0.193886,0.7696505,9.848911,10.61856,
#LeftLegSphere,0.0147039,0.5050613,0.9097927,0,1.714564,0,task1Objects_barril4,-0.05135536,0.2245206,1.028092,0,270,0,0.06605926,0.2805406,-0.1182992,-0.0733379,-1.062373,0.02449544,0.08727604,1.567435,0.8831139,0.08927604,2.207434,-0.4658861,0.1000509,12.08949,12.18954,
#LeftUpLegSphere,0.01470391,0.9210613,0.9097927,0,1.714564,0,task1Objects_barril4,-0.05135536,0.2245206,1.028092,0,270,0,0.06605928,0.6965407,-0.1182992,-0.07333788,-0.6463733,0.0244955,0.08727604,1.567435,0.8831139,0.08927604,2.207434,-0.4658861,0.1026964,12.08949,12.19218,
#LeftLegCube,0.00591924,0.2997614,0.7766544,0,1.714564,0,task1Objects_barril4,-0.05135536,0.2245206,1.028092,0,270,0,0.0572746,0.07524079,-0.2514375,-0.07833789,-1.267673,-0.001804183,0.08427604,1.567435,0.7761139,0.08727604,2.207434,-0.5168861,0.1313972,12.08949,12.22088,
#LeftUpLegCube,0.008705258,0.7090614,0.8028825,0,1.714564,0,task1Objects_barril4,-0.05135536,0.2245206,1.028092,0,270,0,0.06006062,0.4845408,-0.2252094,-0.07633787,-0.8583732,0.0244955,0.08427604,1.567435,0.7761139,0.08727604,2.207434,-0.5168861,0.1344452,12.08949,12.22393,
#spineCube,0.08470291,1.202057,0.7903743,0,1.714564,0,task1Objects_barril4,-0.05135536,0.2245206,1.028092,0,270,0,0.1360583,0.9775365,-0.2377176,3.72529E-09,-0.3653774,0.01426683,0.08427604,1.567435,0.7761139,0.08727604,2.207434,-0.5168861,0.1367464,12.08949,12.22623,
#LeftLegSphere,-0.0032961,0.5050613,0.3127927,0,1.714564,0,prop_fan_prop_fan_005,-0.03201675,0.1740001,-0.02502584,0,0,0,0.02872065,0.3310612,0.3378185,-0.0733379,-1.062373,0.02449547,0.06927605,1.567435,0.2861139,0.06827604,2.207434,-1.163886,0.457428,16.13697,16.5944,
#RightLegSphere,0.15231,0.5050613,0.3081348,0,1.714564,0,prop_fan_prop_fan_005,-0.03201675,0.1740001,-0.02502584,0,0,0,0.1843267,0.3310612,0.3331607,0.08233787,-1.062373,0.02449547,0.06927605,1.567435,0.2861139,0.06827604,2.207434,-1.163886,0.4613476,16.13697,16.59832,
#RightLegCube,0.1535231,0.2997614,0.3548469,0,1.714564,0,prop_fan_prop_fan_005,-0.03201675,0.1740001,-0.02502584,0,0,0,0.1855398,0.1257614,0.3798728,0.08233787,-1.267673,-0.001804183,0.07127604,1.567435,0.3591139,0.06927604,2.207434,-1.113886,0.4850178,16.13697,16.62199,
#RightFootSphere,0.154301,0.09676134,0.3808353,0,1.714564,0,obstacle2_support,0.2081652,0.1887213,0.2958713,0,135,0,-0.05386418,-0.09195996,0.08496407,0.08233786,-1.470673,0.02419586,0.07127604,1.567435,0.3591139,0.06927604,2.207434,-1.113886,0.02318764,16.60161,16.6248,
#LeftLegCube,-0.007080756,0.2997614,0.3596544,0,1.714564,0,prop_fan_prop_fan_005,-0.03201675,0.1740001,-0.02502584,0,0,0,0.024936,0.1257614,0.3846802,-0.07833789,-1.267673,-0.001804183,0.07127604,1.567435,0.3591139,0.06927604,2.207434,-1.113886,0.4903717,16.13697,16.62734,
#RightLegCube,0.1565231,0.2997614,0.4328469,0,1.714564,0,obstacle2_support,0.2081652,0.1887213,0.2958713,0,135,0,-0.05164209,0.1110401,0.1369757,0.08233789,-1.267673,-0.001804183,0.07427604,1.567435,0.4371139,0.07127604,2.207434,-1.040886,0.07291412,16.60161,16.67453,
#RightLegCube,0.1565231,0.2997614,0.4328469,0,1.714564,0,obstacle2_bar,0.7293072,0.240933,0.8170133,0,135,0,-0.5727841,0.05882844,-0.3841663,0.08233789,-1.267673,-0.001804183,0.07427604,1.567435,0.4371139,0.07127604,2.207434,-1.040886,0.1570187,16.52616,16.68318,
#RightFootSphere,0.142301,0.09676134,-0.04216468,0,1.714564,0,obstacle2_support,0.2081652,0.1887213,0.2958713,0,135,0,-0.06586418,-0.09195996,-0.3380359,0.08233787,-1.470673,0.02419584,0.05927604,1.567435,-0.06388611,0.06927604,2.207434,-1.109886,0.04252815,18.63267,18.6752,
#RightLegCube,0.1415231,0.2997614,-0.06815305,0,1.714564,0,obstacle2_bar,0.7293072,0.240933,0.8170133,0,135,0,-0.5877841,0.05882844,-0.8851663,0.08233789,-1.267673,-0.001804176,0.05927604,1.567435,-0.06388611,0.06927604,2.207434,-1.109886,0.08505249,18.59249,18.67754,
#RightLegCube,0.1415231,0.2997614,-0.06815305,0,1.714564,0,obstacle2_support,0.2081652,0.1887213,0.2958713,0,135,0,-0.06664209,0.1110401,-0.3640243,0.08233789,-1.267673,-0.001804176,0.05927604,1.567435,-0.06388611,0.06927604,2.207434,-1.109886,0.05091476,18.63267,18.68359,
#RightLegSphere,0.13231,0.5050613,-0.3788652,0,1.714564,0,prop_fan_prop_fan_005,-0.03201675,0.1740001,-0.02502584,0,0,0,0.1643267,0.3310612,-0.3538393,0.08233787,-1.062373,0.02449547,0.04927604,1.567435,-0.4008861,0.05127604,2.207434,-1.714886,0.1038036,18.6863,18.79011,
#LeftLegCube,-0.02908076,0.2997614,-0.4003456,0,1.714564,0,prop_fan_prop_fan_005,-0.03201675,0.1740001,-0.02502584,0,0,0,0.002935998,0.1257614,-0.3753197,-0.07833789,-1.267673,-0.001804183,0.04927604,1.567435,-0.4008861,0.05127604,2.207434,-1.714886,0.1080856,18.6863,18.79439,
#LeftLegSphere,-0.0232961,0.5050613,-0.3742073,0,1.714564,0,prop_fan_prop_fan_005,-0.03201675,0.1740001,-0.02502584,0,0,0,0.008720651,0.3310612,-0.3491815,-0.0733379,-1.062373,0.02449547,0.04927604,1.567435,-0.4008861,0.05127604,2.207434,-1.714886,0.1137791,18.6863,18.80008,
#RightLegCube,0.1315231,0.2997614,-0.4051531,0,1.714564,0,prop_fan_prop_fan_005,-0.03201675,0.1740001,-0.02502584,0,0,0,0.1635398,0.1257614,-0.3801272,0.08233787,-1.267673,-0.001804183,0.04927604,1.567435,-0.4008861,0.05127604,2.207434,-1.714886,0.1159267,18.6863,18.80223,
#leftHandIndexCube,-0.8829719,1.448763,-1.28017,2.513832,1.714564,0,tunelzinho18_support (1),-0.9280901,0.8645127,-1.36093,0,320,0,0.04511815,0.58425,0.08075988,-0.9055224,-0.1186719,-0.004379406,0.02227604,1.567435,-1.302886,0.02127604,2.207434,-2.717886,0.0341053,20.40356,20.43767,
#leftHandRingCube,-0.8758594,1.450656,-1.323518,2.513832,1.714564,0,tunelzinho18_support (1),-0.9280901,0.8645127,-1.36093,0,320,0,0.05223072,0.5861429,0.03741217,-0.897116,-0.1167789,-0.04749491,0.02227604,1.567435,-1.302886,0.02127604,2.207434,-2.717886,0.03544807,20.40356,20.43901,
#leftHandMiddleCube,-0.8795072,1.449701,-1.301663,2.513832,1.714564,0,tunelzinho18_support (1),-0.9280901,0.8645127,-1.36093,0,320,0,0.04858291,0.5851886,0.05926716,-0.9014161,-0.1177332,-0.02575884,0.02227604,1.567435,-1.302886,0.02127604,2.207434,-2.717886,0.03757286,20.40356,20.44114,
#leftForeArmCube,-0.5748555,1.435734,-0.7516957,2.514003,1.714564,0,tunelzinho18_bar,-0.536046,1.513743,-1.031966,0,320,0,-0.03880948,-0.07800841,0.28027,-0.6135032,-0.1317004,-0.03017929,0.03927604,1.567435,-0.7398861,0.03427604,2.207434,-2.295886,0.02155876,20.59009,20.61165,
#rightForeArmCube,0.662728,1.435734,-0.6796514,2.514003,181.7146,0,tunelzinho1_bar,0.6849546,1.513743,-0.9940381,0,40,0,-0.02222669,-0.07800841,0.3143867,0.6216332,-0.1317004,-0.03017932,0.04227604,1.567435,-0.6308861,0.03927604,2.207434,-2.139886,0.02405357,20.61162,20.63568,
#LeftArmSphere,-0.1431774,1.435734,-0.6555276,0,1.714564,0,tunelzinho18_bar,-0.536046,1.513743,-1.031966,0,320,0,0.3928686,-0.07800841,0.3764381,-0.1846332,-0.1317004,-0.03017928,0.04227604,1.567435,-0.6308861,0.03927604,2.207434,-2.139886,0.0232563,20.61682,20.64007,
#leftForeArmCube,-0.5708555,1.435734,-0.5996957,2.514003,1.714564,0,tunelzinho17_bar,-0.6522141,1.513743,-0.8388915,0,330,0,0.08135855,-0.07800841,0.2391958,-0.6135032,-0.1317004,-0.03017929,0.04327605,1.567435,-0.5878861,0.04227604,2.207434,-2.030886,0.04195595,20.61683,20.65879,
#leftArmCube,-0.2931098,1.435734,-0.6080096,2.514003,1.714564,0,tunelzinho18_support,-0.144001,0.8645127,-0.7030025,0,320,0,-0.1491088,0.5712215,0.09499282,-0.3356331,-0.1317004,-0.03017928,0.04327605,1.567435,-0.5878861,0.04227604,2.207434,-2.030886,0.05063248,20.61064,20.66128,
#leftArmCube,-0.2931098,1.435734,-0.6080096,2.514003,1.714564,0,tunelzinho18_bar,-0.536046,1.513743,-1.031966,0,320,0,0.2429362,-0.07800841,0.4239561,-0.3356331,-0.1317004,-0.03017928,0.04327605,1.567435,-0.5878861,0.04227604,2.207434,-2.030886,0.04993057,20.61682,20.66675,
#LeftArm,-0.1421774,1.435734,-0.6125276,2.513832,1.714564,0,tunelzinho18_support,-0.144001,0.8645127,-0.7030025,0,320,0,0.001823604,0.5712215,0.09047484,-0.1846332,-0.1317004,-0.03017928,0.04327605,1.567435,-0.5878861,0.04227604,2.207434,-2.030886,0.0582695,20.61064,20.66891,
#LeftArm,-0.1421774,1.435734,-0.6125276,2.513832,1.714564,0,tunelzinho18_bar,-0.536046,1.513743,-1.031966,0,320,0,0.3938686,-0.07800841,0.4194381,-0.1846332,-0.1317004,-0.03017928,0.04327605,1.567435,-0.5878861,0.04227604,2.207434,-2.030886,0.05409431,20.61682,20.67091,
#spineCube,0.04770291,1.202057,-0.4516257,0,1.714564,0,tunelzinho18_bar,-0.536046,1.513743,-1.031966,0,320,0,0.5837489,-0.3116854,0.58034,7.940933E-25,-0.3653774,0.01426683,0.04727605,1.567435,-0.4658861,0.04327604,2.207434,-1.987886,0.0777092,20.61682,20.69452,
#LeftArmSphere,-0.1381774,1.435734,-0.4905276,0,1.714564,0,tunelzinho18_support,-0.144001,0.8645127,-0.7030025,0,320,0,0.005823597,0.5712215,0.2124749,-0.1846332,-0.1317004,-0.03017928,0.04727605,1.567435,-0.4658861,0.04327604,2.207434,-1.987886,0.09007072,20.61064,20.70071,
#spineCube,0.04770291,1.202057,-0.4516257,0,1.714564,0,tunelzinho18_support,-0.144001,0.8645127,-0.7030025,0,320,0,0.1917039,0.3375444,0.2513768,7.940933E-25,-0.3653774,0.01426683,0.04727605,1.567435,-0.4658861,0.04327604,2.207434,-1.987886,0.09258652,20.61064,20.70323,
#rightArmCube,0.3817261,1.435734,-0.5060903,2.514003,181.7146,0,tunelzinho1_bar,0.6849546,1.513743,-0.9940381,0,40,0,-0.3032286,-0.07800841,0.4879478,0.3355032,-0.1317004,-0.03017932,0.04727605,1.567435,-0.4658861,0.04327604,2.207434,-1.987886,0.09473991,20.61162,20.70636,
#rightArmSphere,0.2456507,1.435734,-0.502017,0,1.714564,0,tunelzinho1_support (1),0.2929096,0.8645127,-0.6650748,0,40,0,-0.04725896,0.5712215,0.1630578,0.1993668,-0.1317004,-0.03017931,0.04727605,1.567435,-0.4658861,0.04327604,2.207434,-1.987886,0.07153893,20.63791,20.70945,
#rightArmCube,0.3817261,1.435734,-0.5060903,2.514003,181.7146,0,tunelzinho1_support (1),0.2929096,0.8645127,-0.6650748,0,40,0,0.08881646,0.5712215,0.1589845,0.3355032,-0.1317004,-0.03017932,0.04727605,1.567435,-0.4658861,0.04327604,2.207434,-1.987886,0.07803535,20.63791,20.71594,
#LeftArmSphere,-0.1381774,1.435734,-0.4905276,0,1.714564,0,tunelzinho17_support,-0.2090015,0.8645127,-0.5830016,0,330,0,0.07082413,0.5712215,0.09247401,-0.1846332,-0.1317004,-0.03017928,0.04727605,1.567435,-0.4658861,0.04327604,2.207434,-1.987886,0.06027985,20.66123,20.72151,
#leftArmCube,-0.2891098,1.435734,-0.4860096,2.514003,1.714564,0,tunelzinho17_support,-0.2090015,0.8645127,-0.5830016,0,330,0,-0.08010828,0.5712215,0.09699199,-0.3356332,-0.1317004,-0.03017928,0.04727605,1.567435,-0.4658861,0.04327604,2.207434,-1.987886,0.06549835,20.66123,20.72673,
#leftArmCube,-0.2891098,1.435734,-0.4860096,2.514003,1.714564,0,tunelzinho17_bar,-0.6522141,1.513743,-0.8388915,0,330,0,0.3631042,-0.07800841,0.3528819,-0.3356332,-0.1317004,-0.03017928,0.04727605,1.567435,-0.4658861,0.04327604,2.207434,-1.987886,0.1147099,20.61683,20.73154,
#LeftArm,-0.1381774,1.435734,-0.4905276,2.513832,1.714564,0,tunelzinho17_support,-0.2090015,0.8645127,-0.5830016,0,330,0,0.07082413,0.5712215,0.09247401,-0.1846332,-0.1317004,-0.03017928,0.04727605,1.567435,-0.4658861,0.04327604,2.207434,-1.987886,0.07829475,20.66123,20.73953,
#LeftArm,-0.1381774,1.435734,-0.4905276,2.513832,1.714564,0,tunelzinho17_bar,-0.6522141,1.513743,-0.8388915,0,330,0,0.5140367,-0.07800841,0.3483639,-0.1846332,-0.1317004,-0.03017928,0.04727605,1.567435,-0.4658861,0.04327604,2.207434,-1.987886,0.1251678,20.61683,20.742,
#rightForeArmCube,0.6677279,1.435734,-0.5146514,2.514003,181.7146,0,tunelzinho2_bar,0.8117867,1.513743,-0.7801127,0,30.00001,0,-0.1440587,-0.07800841,0.2654614,0.6216332,-0.1317004,-0.03017929,0.04727605,1.567435,-0.4658861,0.04327604,2.207434,-1.987886,0.1056805,20.6391,20.74478,
#rightArmCube,0.3917261,1.435734,-0.1480903,2.514003,181.7146,0,tunelzinho2_bar,0.8117867,1.513743,-0.7801127,0,30.00001,0,-0.4200606,-0.07800841,0.6320225,0.3355032,-0.1317004,-0.0301793,0.05727604,1.567435,-0.1078861,0.04727604,2.207434,-1.865886,0.1489811,20.6391,20.78808,
#rightArmCube,0.3917261,1.435734,-0.1480903,2.514003,181.7146,0,tunelzinho2_support (1),0.3685741,0.8645127,-0.5242248,0,30.00001,0,0.02315193,0.5712215,0.3761345,0.3355032,-0.1317004,-0.0301793,0.05727604,1.567435,-0.1078861,0.04727604,2.207434,-1.865886,0.039217,20.75136,20.79058,
#leftForeArmCube,-0.5568555,1.435734,-0.1196957,2.514003,1.714564,0,tunelzinho16_bar,-0.7509155,1.513743,-0.59304,0,340,0,0.19406,-0.07800841,0.4733443,-0.6135032,-0.1317004,-0.03017929,0.05727604,1.567435,-0.1078861,0.04727604,2.207434,-1.865886,0.05074883,20.74196,20.79271,
#leftArmCube,-0.2791098,1.435734,-0.1280096,2.514003,1.714564,0,tunelzinho16_bar,-0.7509155,1.513743,-0.59304,0,340,0,0.4718057,-0.07800841,0.4650304,-0.3356331,-0.1317004,-0.03017929,0.05727604,1.567435,-0.1078861,0.04727604,2.207434,-1.865886,0.05334282,20.74196,20.79531,
#LeftArm,-0.1281774,1.435734,-0.1325276,2.513832,1.714564,0,tunelzinho16_bar,-0.7509155,1.513743,-0.59304,0,340,0,0.6227381,-0.07800841,0.4605124,-0.1846332,-0.1317004,-0.03017929,0.05727604,1.567435,-0.1078861,0.04727604,2.207434,-1.865886,0.05832291,20.74196,20.80029,
#leftArmCube,-0.2791098,1.435734,-0.1280096,2.514003,1.714564,0,tunelzinho16_support,-0.2700014,0.8645127,-0.4180017,0,340,0,-0.009108394,0.5712215,0.289992,-0.3356331,-0.1317004,-0.03017929,0.05727604,1.567435,-0.1078861,0.04727604,2.207434,-1.865886,0.06965065,20.73644,20.80609,
#LeftArm,-0.1281774,1.435734,-0.1325276,2.513832,1.714564,0,tunelzinho16_support,-0.2700014,0.8645127,-0.4180017,0,340,0,0.141824,0.5712215,0.2854741,-0.1846332,-0.1317004,-0.03017929,0.05727604,1.567435,-0.1078861,0.04727604,2.207434,-1.865886,0.07246208,20.73644,20.8089,
#rightForeArmCube,0.6777279,1.435734,-0.1566513,2.514003,181.7146,0,tunelzinho3_bar,0.8830853,1.513743,-0.5469642,0,20,0,-0.2053573,-0.07800841,0.3903128,0.6216332,-0.1317004,-0.03017929,0.05727604,1.567435,-0.1078861,0.04727604,2.207434,-1.865886,0.0811615,20.72986,20.81102,
#rightArmCube,0.3927261,1.435734,-0.1270903,2.514003,181.7146,0,tunelzinho4_bar,0.909996,1.513743,-0.3061328,0,10,0,-0.51727,-0.07800841,0.1790425,0.3355032,-0.1317004,-0.0301793,0.05827605,1.567435,-0.08688611,0.05727604,2.207434,-1.507886,0.01799202,20.81893,20.83693,
#rightArmCube,0.3927261,1.435734,-0.1270903,2.514003,181.7146,0,tunelzinho4_support (1),0.4059944,0.8645127,-0.2172618,0,10,0,-0.01326835,0.5712215,0.09017153,0.3355032,-0.1317004,-0.0301793,0.05827605,1.567435,-0.08688611,0.05727604,2.207434,-1.507886,0.02711487,20.81629,20.84341,
#leftArmCube,-0.2741098,1.435734,0.03599036,2.514003,1.714564,0,tunelzinho14_support,-0.3450012,0.8645127,-0.08000135,0,0,0,0.07089141,0.5712215,0.1159917,-0.3356331,-0.1317004,-0.03017929,0.06227604,1.567435,0.05611389,0.05927604,2.207434,-1.457886,0.1189098,20.81822,20.93713,
#LeftArm,-0.1231774,1.435734,0.03147239,2.513832,1.714564,0,tunelzinho14_support,-0.3450012,0.8645127,-0.08000135,0,0,0,0.2218238,0.5712215,0.1114737,-0.1846332,-0.1317004,-0.03017929,0.06227604,1.567435,0.05611389,0.05927604,2.207434,-1.457886,0.1215,20.81822,20.93972,
#leftForeArmCube,-0.5518555,1.435734,0.04430432,2.514003,1.714564,0,tunelzinho14_bar,-0.8567791,1.513743,-0.08000326,0,0,0,0.3049236,-0.07800841,0.1243076,-0.6135032,-0.1317004,-0.03017929,0.06227604,1.567435,0.05611389,0.05927604,2.207434,-1.457886,0.1233578,20.81892,20.94228,
#leftArmCube,-0.2741098,1.435734,0.03599036,2.514003,1.714564,0,tunelzinho14_bar,-0.8567791,1.513743,-0.08000326,0,0,0,0.5826693,-0.07800841,0.1159936,-0.3356331,-0.1317004,-0.03017929,0.06227604,1.567435,0.05611389,0.05927604,2.207434,-1.457886,0.127079,20.81892,20.946,
#LeftArm,-0.1231774,1.435734,0.03147239,2.513832,1.714564,0,tunelzinho14_bar,-0.8567791,1.513743,-0.08000326,0,0,0,0.7336017,-0.07800841,0.1114757,-0.1846332,-0.1317004,-0.03017929,0.06227604,1.567435,0.05611389,0.05927604,2.207434,-1.457886,0.1302872,20.81892,20.94921,
#rightArmCube,0.3987261,1.435734,0.08090974,2.514003,181.7146,0,tunelzinho5_support (1),0.4004431,0.8645127,-0.0440011,0,0,0,-0.001717001,0.5712215,0.1249108,0.3355032,-0.1317004,-0.0301793,0.06427604,1.567435,0.1211139,0.06227604,2.207434,-1.343886,0.08887291,20.8764,20.96527,
#rightArmCube,0.3987261,1.435734,0.08090974,2.514003,181.7146,0,tunelzinho5_bar,0.9122219,1.513743,-0.04400206,0,0,0,-0.5134958,-0.07800841,0.1249118,0.3355032,-0.1317004,-0.0301793,0.06427604,1.567435,0.1211139,0.06227604,2.207434,-1.343886,0.09095001,20.87704,20.96799,
#rightForeArmCube,0.6847279,1.435734,0.07234864,2.514003,181.7146,0,tunelzinho5_bar,0.9122219,1.513743,-0.04400206,0,0,0,-0.227494,-0.07800841,0.1163507,0.6216332,-0.1317004,-0.03017929,0.06427604,1.567435,0.1211139,0.06227604,2.207434,-1.343886,0.09363556,20.87704,20.97067,
#leftArmCube,-0.2671098,1.435734,0.2429904,2.514003,1.714564,0,tunelzinho13_support,-0.3290014,0.8645127,0.1089988,0,10,0,0.06189162,0.5712215,0.1339916,-0.3356331,-0.1317004,-0.03017929,0.06927605,1.567435,0.2631139,0.06727604,2.207434,-1.192886,0.0965023,20.95146,21.04796,
#LeftArm,-0.1161774,1.435734,0.2384724,2.513832,1.714564,0,tunelzinho13_support,-0.3290014,0.8645127,0.1089988,0,10,0,0.212824,0.5712215,0.1294736,-0.1846332,-0.1317004,-0.03017928,0.06927605,1.567435,0.2631139,0.06727604,2.207434,-1.192886,0.09908104,20.95146,21.05054,
#rightArmCube,0.4037261,1.435734,0.2229097,2.514003,181.7146,0,tunelzinho6_support (1),0.4179935,0.8645127,0.1132607,0,350,0,-0.01426747,0.5712215,0.109649,0.3355032,-0.1317004,-0.03017929,0.06927605,1.567435,0.2631139,0.06727604,2.207434,-1.192886,0.07969666,20.97309,21.05279,
#rightArmCube,0.4037261,1.435734,0.2229097,2.514003,181.7146,0,tunelzinho6_bar,0.9219971,1.513743,0.2021298,0,350,0,-0.518271,-0.07800841,0.02077991,0.3355032,-0.1317004,-0.03017929,0.06927605,1.567435,0.2631139,0.06727604,2.207434,-1.192886,0.08188629,20.97467,21.05655,
#leftForeArmCube,-0.5448555,1.435734,0.2513043,2.514003,1.714564,0,tunelzinho13_bar,-0.833004,1.513743,0.1978688,0,10,0,0.2881485,-0.07800841,0.0534355,-0.6135032,-0.1317004,-0.03017929,0.06927605,1.567435,0.2631139,0.06727604,2.207434,-1.192886,0.08511925,20.97469,21.0598,
#leftArmCube,-0.2671098,1.435734,0.2429904,2.514003,1.714564,0,tunelzinho13_bar,-0.833004,1.513743,0.1978688,0,10,0,0.5658942,-0.07800841,0.04512154,-0.3356331,-0.1317004,-0.03017929,0.06927605,1.567435,0.2631139,0.06727604,2.207434,-1.192886,0.08985901,20.97469,21.06454,
#LeftArm,-0.1161774,1.435734,0.2384724,2.513832,1.714564,0,tunelzinho13_bar,-0.833004,1.513743,0.1978688,0,10,0,0.7168266,-0.07800841,0.04060358,-0.1846332,-0.1317004,-0.03017928,0.06927605,1.567435,0.2631139,0.06727604,2.207434,-1.192886,0.09230042,20.97469,21.06699,
#rightArmCube,0.4087261,1.435734,0.4149098,2.514003,181.7146,0,tunelzinho7_support (1),0.3741722,0.8645127,0.2569222,0,340,0,0.03455386,0.5712215,0.1579875,0.3355032,-0.1317004,-0.03017929,0.07427604,1.567435,0.4551139,0.06927604,2.207434,-1.114886,0.1152115,21.02415,21.13936,
#leftArmCube,-0.2621098,1.435734,0.4349904,2.514003,1.714564,0,tunelzinho12_support,-0.3270006,0.8645127,0.2779975,0,20,0,0.0648908,0.5712215,0.1569929,-0.3356331,-0.1317004,-0.03017928,0.07427604,1.567435,0.4551139,0.06927604,2.207434,-1.114886,0.07489777,21.06697,21.14186,
#LeftArm,-0.1111774,1.435734,0.4304724,2.513832,1.714564,0,tunelzinho12_support,-0.3270006,0.8645127,0.2779975,0,20,0,0.2158232,0.5712215,0.1524749,-0.1846332,-0.1317004,-0.03017928,0.07427604,1.567435,0.4551139,0.06927604,2.207434,-1.114886,0.07740211,21.06697,21.14437,
#rightForeArmCube,0.6947279,1.435734,0.4063486,2.514003,181.7146,0,tunelzinho6_bar,0.9219971,1.513743,0.2021298,0,350,0,-0.2272692,-0.07800841,0.2042188,0.6216331,-0.1317004,-0.0301793,0.07427604,1.567435,0.4551139,0.06927604,2.207434,-1.114886,0.1765862,20.97467,21.15125,
#rightArmCube,0.4087261,1.435734,0.4149098,2.514003,181.7146,0,tunelzinho7_bar,0.8550854,1.513743,0.4319596,0,340,0,-0.4463593,-0.07800841,-0.01704988,0.3355032,-0.1317004,-0.03017929,0.07427604,1.567435,0.4551139,0.06927604,2.207434,-1.114886,2.861023E-05,21.15779,21.15782,
#leftArmCube,-0.2621098,1.435734,0.4349904,2.514003,1.714564,0,tunelzinho12_bar,-0.8079157,1.513743,0.4530368,0,20,0,0.5458059,-0.07800841,-0.01804641,-0.3356331,-0.1317004,-0.03017928,0.07427604,1.567435,0.4551139,0.06927604,2.207434,-1.114886,0.0950489,21.06695,21.162,
#LeftArm,-0.1111774,1.435734,0.4304724,2.513832,1.714564,0,tunelzinho12_bar,-0.8079157,1.513743,0.4530368,0,20,0,0.6967382,-0.07800841,-0.02256438,-0.1846332,-0.1317004,-0.03017928,0.07427604,1.567435,0.4551139,0.06927604,2.207434,-1.114886,0.09821701,21.06695,21.16517,
#LeftArm,-0.1081774,1.435734,0.5104724,2.513832,1.714564,0,tunelzinho11_support,-0.2830019,0.8645127,0.3989997,0,30.00001,0,0.1748245,0.5712215,0.1114727,-0.1846332,-0.1317004,-0.03017928,0.07727604,1.567435,0.5351139,0.07427604,2.207434,-0.9448861,0.03106689,21.15717,21.18824,
#rightArmSphere,0.2756507,1.435734,0.498983,0,1.714564,0,tunelzinho8_support (1),0.3395739,0.8645127,0.4092212,0,330,0,-0.06392321,0.5712215,0.08976182,0.1993668,-0.1317004,-0.03017931,0.07727604,1.567435,0.5351139,0.07427604,2.207434,-0.9448861,0.03547668,21.15666,21.19213,
#leftForeArmCube,-0.5368555,1.435734,0.5233043,2.514003,1.714564,0,tunelzinho12_bar,-0.8079157,1.513743,0.4530368,0,20,0,0.2710602,-0.07800841,0.07026756,-0.6135032,-0.1317004,-0.03017929,0.07727604,1.567435,0.5351139,0.07427604,2.207434,-0.9448861,0.1286869,21.06695,21.19564,
#leftArmCube,-0.2591098,1.435734,0.5149904,2.514003,1.714564,0,tunelzinho11_support,-0.2830019,0.8645127,0.3989997,0,30.00001,0,0.02389207,0.5712215,0.1159907,-0.3356331,-0.1317004,-0.03017928,0.07727604,1.567435,0.5351139,0.07427604,2.207434,-0.9448861,0.04365921,21.15717,21.20083,
#rightArmCube,0.4117261,1.435734,0.5089098,2.514003,181.7146,0,tunelzinho8_support (1),0.3395739,0.8645127,0.4092212,0,330,0,0.0721522,0.5712215,0.09968859,0.3355032,-0.1317004,-0.03017929,0.07727604,1.567435,0.5491139,0.07727604,2.207434,-0.864886,0.07644272,21.15666,21.2331,
#rightForeArmCube,0.699728,1.435734,0.5793487,2.514003,181.7146,0,tunelzinho7_bar,0.8550854,1.513743,0.4319596,0,340,0,-0.1553574,-0.07800841,0.1473891,0.6216331,-0.1317004,-0.03017926,0.07927604,1.567435,0.6281139,0.07727604,2.207434,-0.850886,0.09556961,21.15779,21.25336,
#LeftArmSphere,-0.1061774,1.435734,0.6034724,0,1.714564,0,tunelzinho10_support,-0.1960011,0.8645127,0.5309987,0,40,0,0.08982364,0.5712215,0.0724737,-0.1846332,-0.1317004,-0.03017928,0.07927604,1.567435,0.6281139,0.07727604,2.207434,-0.850886,0.019907,21.23643,21.25634,
#leftArmCube,-0.2571098,1.435734,0.6079904,2.514003,1.714564,0,tunelzinho11_bar,-0.7262144,1.513743,0.6548877,0,30.00001,0,0.4691046,-0.07800841,-0.04689729,-0.3356331,-0.1317004,-0.03017928,0.07927604,1.567435,0.6281139,0.07727604,2.207434,-0.850886,0.1025162,21.15664,21.25916,
#LeftArm,-0.1061774,1.435734,0.6034724,2.513832,1.714564,0,tunelzinho11_bar,-0.7262144,1.513743,0.6548877,0,30.00001,0,0.620037,-0.07800841,-0.05141526,-0.1846332,-0.1317004,-0.03017928,0.07927604,1.567435,0.6281139,0.07727604,2.207434,-0.850886,0.1058235,21.15664,21.26247,
#leftArmCube,-0.2551098,1.435734,0.6719904,2.514003,1.714564,0,tunelzinho10_support,-0.1960011,0.8645127,0.5309987,0,40,0,-0.05910876,0.5712215,0.1409917,-0.3356331,-0.1317004,-0.03017928,0.08127604,1.567435,0.6921139,0.07927604,2.207434,-0.7718861,0.04635048,21.23643,21.28278,
#LeftArm,-0.1041774,1.435734,0.6674724,2.513832,1.714564,0,tunelzinho10_support,-0.1960011,0.8645127,0.5309987,0,40,0,0.09182364,0.5712215,0.1364737,-0.1846332,-0.1317004,-0.03017928,0.08127604,1.567435,0.6921139,0.07927604,2.207434,-0.7718861,0.04948044,21.23643,21.28591,
#rightArmSphere,0.2796507,1.435734,0.655983,0,1.714564,0,tunelzinho9_support (1),0.2759094,0.8645127,0.5360703,0,320,0,0.003741235,0.5712215,0.1199127,0.1993668,-0.1317004,-0.03017928,0.08127604,1.567435,0.6921139,0.07927604,2.207434,-0.7718861,0.1005421,21.1882,21.28874,
#rightArmSphere,0.2796507,1.435734,0.655983,0,1.714564,0,tunelzinho9_bar,0.6679544,1.513743,0.8650336,0,320,0,-0.3883038,-0.07800841,-0.2090506,0.1993668,-0.1317004,-0.03017928,0.08127604,1.567435,0.6921139,0.07927604,2.207434,-0.7718861,0.10425,21.18741,21.29166,
#rightArmCube,0.4157261,1.435734,0.6519098,2.514003,181.7146,0,tunelzinho9_support (1),0.2759094,0.8645127,0.5360703,0,320,0,0.1398166,0.5712215,0.1158394,0.3355032,-0.1317004,-0.03017929,0.08127604,1.567435,0.6921139,0.07927604,2.207434,-0.7718861,0.1063251,21.1882,21.29453,
#rightArmCube,0.4157261,1.435734,0.6519098,2.514003,181.7146,0,tunelzinho8_bar,0.7827864,1.513743,0.6651092,0,330,0,-0.3670603,-0.07800841,-0.01319939,0.3355032,-0.1317004,-0.03017929,0.08127604,1.567435,0.6921139,0.07927604,2.207434,-0.7718861,0.1093044,21.1913,21.3006,
#spineCube,0.0817029,1.202057,0.7063743,0,1.714564,0,tunelzinho9_support (1),0.2759094,0.8645127,0.5360703,0,320,0,-0.1942065,0.3375444,0.170304,-3.72529E-09,-0.3653774,0.01426683,0.08127604,1.567435,0.6921139,0.07927604,2.207434,-0.7718861,0.11553,21.1882,21.30373,
#leftForeArmCube,-0.5318555,1.435734,0.7023043,2.514003,1.714564,0,tunelzinho11_bar,-0.7262144,1.513743,0.6548877,0,30.00001,0,0.1943589,-0.07800841,0.04741663,-0.6135032,-0.1317004,-0.03017929,0.08227605,1.567435,0.7141139,0.08127604,2.207434,-0.707886,0.1682625,21.15664,21.32491,
#rightForeArmCube,0.7077279,1.435734,0.8373487,2.514003,181.7146,0,tunelzinho8_bar,0.7827864,1.513743,0.6651092,0,330,0,-0.07505846,-0.07800841,0.1722395,0.6216331,-0.1317004,-0.03017926,0.08727604,1.567435,0.8861139,0.08227604,2.207434,-0.6858861,0.1961651,21.1913,21.38746,
#LeftArm,-0.09817741,1.435734,0.8614724,2.513832,1.714564,0,tunelzinho10_bar,-0.5880461,1.513743,0.859962,0,40,0,0.4898687,-0.07800841,0.001510441,-0.1846332,-0.1317004,-0.03017928,0.08727604,1.567435,0.8861139,0.08227604,2.207434,-0.6858861,0.08754539,21.30369,21.39123,
#leftArmCube,-0.2491098,1.435734,0.8659904,2.514003,1.714564,0,tunelzinho10_bar,-0.5880461,1.513743,0.859962,0,40,0,0.3389363,-0.07800841,0.006028414,-0.3356331,-0.1317004,-0.03017928,0.08727604,1.567435,0.8861139,0.08227604,2.207434,-0.6858861,0.09081459,21.30369,21.3945,
#rightArmCube,0.4227261,1.435734,0.8589097,2.514003,181.7146,0,tunelzinho9_bar,0.6679544,1.513743,0.8650336,0,320,0,-0.2452284,-0.07800841,-0.0061239,0.3355032,-0.1317004,-0.03017929,0.08827604,1.567435,0.8991139,0.08727604,2.207434,-0.513886,0.06727791,21.39446,21.46173,
#leftForeArmCube,-0.5218555,1.435734,1.036304,2.514003,1.714564,0,tunelzinho10_bar,-0.5880461,1.513743,0.859962,0,40,0,0.06619054,-0.07800841,0.1763424,-0.6135032,-0.1317004,-0.03017929,0.09227604,1.567435,1.048114,0.08827604,2.207434,-0.5008861,0.1891689,21.30369,21.49286,
#rightForeArmCube,0.7197279,1.435734,1.167349,2.514003,181.7146,0,tunelzinho9_bar,0.6679544,1.513743,0.8650336,0,320,0,0.05177349,-0.07800841,0.302315,0.6216332,-0.1317004,-0.03017932,0.09927604,1.567435,1.216114,0.09927604,2.207434,-0.2638861,0.2453232,21.39446,21.63978,
#rightHandRingCube,1.001452,1.449613,1.123546,1.081969E-07,2.378683,6.269834E-10,tunelzinho9_support,1.059999,0.8645127,1.193998,0,320,0,-0.05854678,0.5851002,-0.07045186,0.903943,-0.1178217,-0.04554204,0.09927604,1.567435,1.196114,0.09927604,2.207434,-0.1538861,0.7095222,21.88308,22.5926,
#rightHandMiddle,1.007081,1.45063,1.148029,1.081969E-07,2.378683,6.269834E-10,tunelzinho9_support,1.059999,0.8645127,1.193998,0,320,0,-0.05291772,0.5861173,-0.04596853,0.908837,-0.1168046,-0.02090126,0.09927604,1.567435,1.196114,0.09927604,2.207434,-0.1538861,0.7152195,21.88308,22.5983,
#rightHandIndexCube,1.001831,1.44963,0.9907389,1.081969E-07,2.378683,6.269834E-10,tunelzinho9_support,1.059999,0.8645127,1.193998,0,320,0,-0.0581671,0.5851172,-0.203259,0.912906,-0.1178046,0.001940326,0.08927605,1.567435,1.016114,0.09927604,2.207434,-0.203886,0.7355556,21.88308,22.61864,
#RightHand,0.8282826,1.435734,0.9637998,0,1.714564,0,tunelzinho9_support,1.059999,0.8645127,1.193998,0,320,0,-0.2317159,0.5712215,-0.230198,0.7402409,-0.1317004,-0.03017928,0.08927605,1.567435,1.016114,0.09927604,2.207434,-0.203886,0.7387619,21.88308,22.62184,
#rightForeArmCube,0.7007279,1.435734,0.5973487,2.514003,181.7146,0,tunelzinho9_bar,0.6679544,1.513743,0.8650336,0,320,0,0.03277349,-0.07800841,-0.2676849,0.6216331,-0.1317004,-0.03017926,0.08027604,1.567435,0.6461139,0.08627604,2.207434,-0.5678861,0.02990532,22.6794,22.7093,
#rightArmSphere,0.2746507,1.435734,0.489983,0,1.714564,0,tunelzinho9_bar,0.6679544,1.513743,0.8650336,0,320,0,-0.3933038,-0.07800841,-0.3750506,0.1993668,-0.1317004,-0.03017931,0.07627605,1.567435,0.5261139,0.08027604,2.207434,-0.753886,0.02283287,22.72078,22.74361,
#leftForeArmCube,-0.5378555,1.435734,0.5143043,2.514003,1.714564,0,tunelzinho10_bar,-0.5880461,1.513743,0.859962,0,40,0,0.05019057,-0.07800841,-0.3456576,-0.6135032,-0.1317004,-0.03017929,0.07627605,1.567435,0.5261139,0.08027604,2.207434,-0.753886,0.02966309,22.72104,22.7507,
#rightForeArmCube,0.6907279,1.435734,0.2763487,2.514003,181.7146,0,tunelzinho8_bar,0.7827864,1.513743,0.6651092,0,330,0,-0.09205842,-0.07800841,-0.3887605,0.6216332,-0.1317004,-0.03017929,0.07027604,1.567435,0.3251139,0.07627604,2.207434,-0.873886,0.07257271,22.72089,22.79346,
#rightArmSphere,0.2686507,1.435734,0.288983,0,1.714564,0,tunelzinho9_support (1),0.2759094,0.8645127,0.5360703,0,320,0,-0.007258773,0.5712215,-0.2470874,0.1993668,-0.1317004,-0.03017931,0.07027604,1.567435,0.3251139,0.07627604,2.207434,-0.873886,0.09028435,22.70926,22.79954,
#rightArmCube,0.4047261,1.435734,0.2849098,2.514003,181.7146,0,tunelzinho9_bar,0.6679544,1.513743,0.8650336,0,320,0,-0.2632284,-0.07800841,-0.5801239,0.3355032,-0.1317004,-0.03017929,0.07027604,1.567435,0.3251139,0.07627604,2.207434,-0.873886,0.08188057,22.72078,22.80266,
#rightArmCube,0.4047261,1.435734,0.2849098,2.514003,181.7146,0,tunelzinho9_support (1),0.2759094,0.8645127,0.5360703,0,320,0,0.1288166,0.5712215,-0.2511606,0.3355032,-0.1317004,-0.03017929,0.07027604,1.567435,0.3251139,0.07627604,2.207434,-0.873886,0.0962162,22.70926,22.80547,
#rightArmCube,0.4047261,1.435734,0.2849098,2.514003,181.7146,0,tunelzinho8_bar,0.7827864,1.513743,0.6651092,0,330,0,-0.3780603,-0.07800841,-0.3801994,0.3355032,-0.1317004,-0.03017929,0.07027604,1.567435,0.3251139,0.07627604,2.207434,-0.873886,0.08755684,22.72089,22.80844,
#rightArmCube,0.4047261,1.435734,0.2849098,2.514003,181.7146,0,tunelzinho8_support (1),0.3395739,0.8645127,0.4092212,0,330,0,0.0651522,0.5712215,-0.1243114,0.3355032,-0.1317004,-0.03017929,0.07027604,1.567435,0.3251139,0.07627604,2.207434,-0.873886,0.06772804,22.74355,22.81127,
#LeftArm,-0.1151774,1.435734,0.3004724,2.513832,1.714564,0,tunelzinho10_bar,-0.5880461,1.513743,0.859962,0,40,0,0.4728687,-0.07800841,-0.5594896,-0.1846332,-0.1317004,-0.03017928,0.07027604,1.567435,0.3251139,0.07627604,2.207434,-0.873886,0.09603882,22.72104,22.81707,
#LeftArm,-0.1151774,1.435734,0.3004724,2.513832,1.714564,0,tunelzinho10_support,-0.1960011,0.8645127,0.5309987,0,40,0,0.08082364,0.5712215,-0.2305263,-0.1846332,-0.1317004,-0.03017928,0.07027604,1.567435,0.3251139,0.07627604,2.207434,-0.873886,0.1109581,22.70919,22.82015,
#leftArmCube,-0.2661098,1.435734,0.3049904,2.514003,1.714564,0,tunelzinho10_bar,-0.5880461,1.513743,0.859962,0,40,0,0.3219362,-0.07800841,-0.5549716,-0.3356331,-0.1317004,-0.03017928,0.07027604,1.567435,0.3251139,0.07627604,2.207434,-0.873886,0.1020184,22.72104,22.82305,
#leftArmCube,-0.2661098,1.435734,0.3049904,2.514003,1.714564,0,tunelzinho10_support,-0.1960011,0.8645127,0.5309987,0,40,0,-0.07010877,0.5712215,-0.2260083,-0.3356331,-0.1317004,-0.03017928,0.07027604,1.567435,0.3251139,0.07627604,2.207434,-0.873886,0.1166801,22.70919,22.82587,
#spineCube,0.07070291,1.202057,0.3393743,0,1.714564,0,tunelzinho9_support (1),0.2759094,0.8645127,0.5360703,0,320,0,-0.2052065,0.3375444,-0.196696,3.72529E-09,-0.3653774,0.01426683,0.07027604,1.567435,0.3251139,0.07627604,2.207434,-0.873886,0.1196976,22.70926,22.82895,
#LeftArm,-0.1151774,1.435734,0.3004724,2.513832,1.714564,0,tunelzinho11_bar,-0.7262144,1.513743,0.6548877,0,30.00001,0,0.611037,-0.07800841,-0.3544153,-0.1846332,-0.1317004,-0.03017928,0.07027604,1.567435,0.3251139,0.07627604,2.207434,-0.873886,0.09119225,22.74358,22.83478,
#leftForeArmCube,-0.5438555,1.435734,0.3133043,2.514003,1.714564,0,tunelzinho11_bar,-0.7262144,1.513743,0.6548877,0,30.00001,0,0.1823589,-0.07800841,-0.3415833,-0.6135032,-0.1317004,-0.03017929,0.07027604,1.567435,0.3251139,0.07627604,2.207434,-0.873886,0.09394455,22.74358,22.83753,
#leftArmCube,-0.2661098,1.435734,0.3049904,2.514003,1.714564,0,tunelzinho11_bar,-0.7262144,1.513743,0.6548877,0,30.00001,0,0.4601046,-0.07800841,-0.3498973,-0.3356331,-0.1317004,-0.03017928,0.07027604,1.567435,0.3251139,0.07627604,2.207434,-0.873886,0.0968895,22.74358,22.84047,
#rightForeArmCube,0.6847279,1.435734,0.06634864,2.514003,181.7146,0,tunelzinho7_bar,0.8550854,1.513743,0.4319596,0,340,0,-0.1703575,-0.07800841,-0.365611,0.6216332,-0.1317004,-0.03017929,0.06427604,1.567435,0.1151139,0.07027604,2.207434,-1.074886,0.02674103,22.83472,22.86147,
#rightArmCube,0.3987261,1.435734,0.07490974,2.514003,181.7146,0,tunelzinho7_bar,0.8550854,1.513743,0.4319596,0,340,0,-0.4563593,-0.07800841,-0.3570499,0.3355032,-0.1317004,-0.0301793,0.06427604,1.567435,0.1151139,0.07027604,2.207434,-1.074886,0.0332737,22.83472,22.868,
#rightArmCube,0.3987261,1.435734,0.07490974,2.514003,181.7146,0,tunelzinho7_support (1),0.3741722,0.8645127,0.2569222,0,340,0,0.02455387,0.5712215,-0.1820125,0.3355032,-0.1317004,-0.0301793,0.06427604,1.567435,0.1151139,0.07027604,2.207434,-1.074886,0.04256439,22.82882,22.87139,
#LeftArm,-0.1211774,1.435734,0.09047239,2.513832,1.714564,0,tunelzinho12_bar,-0.8079157,1.513743,0.4530368,0,20,0,0.6867383,-0.07800841,-0.3625644,-0.1846332,-0.1317004,-0.03017929,0.06427604,1.567435,0.1151139,0.07027604,2.207434,-1.074886,0.03151703,22.84339,22.87491,
#LeftArm,-0.1211774,1.435734,0.09047239,2.513832,1.714564,0,tunelzinho12_support,-0.3270006,0.8645127,0.2779975,0,20,0,0.2058232,0.5712215,-0.1875251,-0.1846332,-0.1317004,-0.03017929,0.06427604,1.567435,0.1151139,0.07027604,2.207434,-1.074886,0.03768539,22.84337,22.88105,
#leftArmCube,-0.2721098,1.435734,0.09499036,2.514003,1.714564,0,tunelzinho12_bar,-0.8079157,1.513743,0.4530368,0,20,0,0.5358059,-0.07800841,-0.3580464,-0.3356331,-0.1317004,-0.03017929,0.06427604,1.567435,0.1151139,0.07027604,2.207434,-1.074886,0.04197693,22.84339,22.88537,
#leftArmCube,-0.2721098,1.435734,0.09499036,2.514003,1.714564,0,tunelzinho12_support,-0.3270006,0.8645127,0.2779975,0,20,0,0.05489081,0.5712215,-0.1830071,-0.3356331,-0.1317004,-0.03017929,0.06427604,1.567435,0.1151139,0.07027604,2.207434,-1.074886,0.04538155,22.84337,22.88875,
#leftForeArmCube,-0.5498555,1.435734,0.1033043,2.514003,1.714564,0,tunelzinho12_bar,-0.8079157,1.513743,0.4530368,0,20,0,0.2580602,-0.07800841,-0.3497325,-0.6135032,-0.1317004,-0.03017929,0.06427604,1.567435,0.1151139,0.07027604,2.207434,-1.074886,0.04887199,22.84339,22.89226,
#rightForeArmCube,0.680728,1.435734,-0.08565135,2.514003,181.7146,0,tunelzinho6_bar,0.9219971,1.513743,0.2021298,0,350,0,-0.2412691,-0.07800841,-0.2877812,0.6216332,-0.1317004,-0.03017929,0.06027604,1.567435,-0.03688611,0.06427604,2.207434,-1.284886,0.01931953,22.89546,22.91478,
#rightArmCube,0.3947261,1.435734,-0.07709026,2.514003,181.7146,0,tunelzinho6_bar,0.9219971,1.513743,0.2021298,0,350,0,-0.527271,-0.07800841,-0.2792201,0.3355032,-0.1317004,-0.03017931,0.06027604,1.567435,-0.03688611,0.06427604,2.207434,-1.284886,0.02305603,22.89546,22.91851,
#rightArmCube,0.3947261,1.435734,-0.07709026,2.514003,181.7146,0,tunelzinho6_support (1),0.4179935,0.8645127,0.1132607,0,350,0,-0.02326748,0.5712215,-0.190351,0.3355032,-0.1317004,-0.03017931,0.06027604,1.567435,-0.03688611,0.06427604,2.207434,-1.284886,0.02651596,22.89548,22.922,
#LeftArm,-0.1251774,1.435734,-0.06152761,2.513832,1.714564,0,tunelzinho13_bar,-0.833004,1.513743,0.1978688,0,10,0,0.7078266,-0.07800841,-0.2593964,-0.1846332,-0.1317004,-0.03017929,0.06027604,1.567435,-0.03688611,0.06427604,2.207434,-1.284886,0.03009224,22.89549,22.92558,
#LeftArm,-0.1251774,1.435734,-0.06152761,2.513832,1.714564,0,tunelzinho13_support,-0.3290014,0.8645127,0.1089988,0,10,0,0.203824,0.5712215,-0.1705264,-0.1846332,-0.1317004,-0.03017929,0.06027604,1.567435,-0.03688611,0.06427604,2.207434,-1.284886,0.03424835,22.89547,22.92972,
#leftArmCube,-0.2761098,1.435734,-0.05700964,2.514003,1.714564,0,tunelzinho13_bar,-0.833004,1.513743,0.1978688,0,10,0,0.5568942,-0.07800841,-0.2548785,-0.3356331,-0.1317004,-0.03017929,0.06027604,1.567435,-0.03688611,0.06427604,2.207434,-1.284886,0.03831291,22.89549,22.9338,
#leftArmCube,-0.2761098,1.435734,-0.05700964,2.514003,1.714564,0,tunelzinho13_support,-0.3290014,0.8645127,0.1089988,0,10,0,0.05289161,0.5712215,-0.1660084,-0.3356331,-0.1317004,-0.03017929,0.06027604,1.567435,-0.03688611,0.06427604,2.207434,-1.284886,0.04209518,22.89547,22.93757,
#leftForeArmCube,-0.5538555,1.435734,-0.04869568,2.514003,1.714564,0,tunelzinho13_bar,-0.833004,1.513743,0.1978688,0,10,0,0.2791485,-0.07800841,-0.2465645,-0.6135032,-0.1317004,-0.03017929,0.06027604,1.567435,-0.03688611,0.06427604,2.207434,-1.284886,0.04578018,22.89549,22.94127,
#rightForeArmCube,0.676728,1.435734,-0.1946514,2.514003,181.7146,0,tunelzinho5_bar,0.9122219,1.513743,-0.04400206,0,0,0,-0.235494,-0.07800841,-0.1506493,0.6216332,-0.1317004,-0.03017931,0.05627604,1.567435,-0.1458861,0.06027604,2.207434,-1.436886,0.02987862,22.94533,22.97521,
#rightArmCube,0.3907261,1.435734,-0.1860903,2.514003,181.7146,0,tunelzinho5_support (1),0.4004431,0.8645127,-0.0440011,0,0,0,-0.009717017,0.5712215,-0.1420892,0.3355032,-0.1317004,-0.0301793,0.05627604,1.567435,-0.1458861,0.06027604,2.207434,-1.436886,0.03582382,22.94531,22.98114,
#rightArmCube,0.3907261,1.435734,-0.1860903,2.514003,181.7146,0,tunelzinho5_bar,0.9122219,1.513743,-0.04400206,0,0,0,-0.5214958,-0.07800841,-0.1420882,0.3355032,-0.1317004,-0.0301793,0.05627604,1.567435,-0.1458861,0.06027604,2.207434,-1.436886,0.03970146,22.94533,22.98503,
#LeftArm,-0.1291774,1.435734,-0.1705276,2.513832,1.714564,0,tunelzinho14_support,-0.3450012,0.8645127,-0.08000135,0,0,0,0.2158238,0.5712215,-0.09052625,-0.1846332,-0.1317004,-0.03017929,0.05627604,1.567435,-0.1458861,0.06027604,2.207434,-1.436886,0.04343033,22.94534,22.98877,
#leftArmCube,-0.2801098,1.435734,-0.1660096,2.514003,1.714564,0,tunelzinho14_support,-0.3450012,0.8645127,-0.08000135,0,0,0,0.0648914,0.5712215,-0.08600828,-0.3356331,-0.1317004,-0.03017929,0.05627604,1.567435,-0.1458861,0.06027604,2.207434,-1.436886,0.04712868,22.94534,22.99247,
#LeftArm,-0.1311774,1.435734,-0.2565276,2.513832,1.714564,0,tunelzinho14_bar,-0.8567791,1.513743,-0.08000326,0,0,0,0.7256017,-0.07800841,-0.1765243,-0.1846332,-0.1317004,-0.03017928,0.05427605,1.567435,-0.2318861,0.05627604,2.207434,-1.545886,0.07001686,22.9453,23.01532,
#leftArmCube,-0.2821098,1.435734,-0.2520096,2.514003,1.714564,0,tunelzinho14_bar,-0.8567791,1.513743,-0.08000326,0,0,0,0.5746693,-0.07800841,-0.1720064,-0.3356331,-0.1317004,-0.03017928,0.05427605,1.567435,-0.2318861,0.05627604,2.207434,-1.545886,0.07379341,22.9453,23.0191,
#leftForeArmCube,-0.5598555,1.435734,-0.2436957,2.514003,1.714564,0,tunelzinho14_bar,-0.8567791,1.513743,-0.08000326,0,0,0,0.2969236,-0.07800841,-0.1636924,-0.6135032,-0.1317004,-0.03017929,0.05427605,1.567435,-0.2318861,0.05627604,2.207434,-1.545886,0.07782745,22.9453,23.02313,
#rightForeArmCube,0.6677279,1.435734,-0.5126513,2.514003,181.7146,0,tunelzinho4_bar,0.909996,1.513743,-0.3061328,0,10,0,-0.2422681,-0.07800841,-0.2065185,0.6216331,-0.1317004,-0.03017926,0.04727605,1.567435,-0.4638861,0.05427604,2.207434,-1.631886,0.05834198,22.98874,23.04708,
#rightArmCube,0.3817261,1.435734,-0.5040902,2.514003,181.7146,0,tunelzinho4_support (1),0.4059944,0.8645127,-0.2172618,0,10,0,-0.02426833,0.5712215,-0.2868285,0.3355032,-0.1317004,-0.03017929,0.04727605,1.567435,-0.4638861,0.05427604,2.207434,-1.631886,0.06218147,22.98873,23.05091,
#rightArmCube,0.3817261,1.435734,-0.5040902,2.514003,181.7146,0,tunelzinho4_bar,0.909996,1.513743,-0.3061328,0,10,0,-0.5282699,-0.07800841,-0.1979575,0.3355032,-0.1317004,-0.03017929,0.04727605,1.567435,-0.4638861,0.05427604,2.207434,-1.631886,0.06592941,22.98874,23.05467,
#LeftArm,-0.1381774,1.435734,-0.4885276,2.513832,1.714564,0,tunelzinho15_support,-0.3340015,0.8645127,-0.2470031,0,350,0,0.1958241,0.5712215,-0.2415245,-0.1846332,-0.1317004,-0.03017928,0.04727605,1.567435,-0.4638861,0.05427604,2.207434,-1.631886,0.06264305,22.996,23.05864,
#leftArmCube,-0.2891098,1.435734,-0.4840096,2.514003,1.714564,0,tunelzinho15_support,-0.3340015,0.8645127,-0.2470031,0,350,0,0.04489172,0.5712215,-0.2370065,-0.3356332,-0.1317004,-0.03017928,0.04727605,1.567435,-0.4638861,0.05427604,2.207434,-1.631886,0.06777573,22.996,23.06377,
#LeftArm,-0.1381774,1.435734,-0.4885276,2.513832,1.714564,0,tunelzinho15_bar,-0.8380041,1.513743,-0.3358712,0,350,0,0.6998267,-0.07800841,-0.1526564,-0.1846332,-0.1317004,-0.03017928,0.04727605,1.567435,-0.4638861,0.05427604,2.207434,-1.631886,0.04068756,23.02851,23.0692,
#leftArmCube,-0.2891098,1.435734,-0.4840096,2.514003,1.714564,0,tunelzinho15_bar,-0.8380041,1.513743,-0.3358712,0,350,0,0.5488943,-0.07800841,-0.1481384,-0.3356332,-0.1317004,-0.03017928,0.04727605,1.567435,-0.4638861,0.05427604,2.207434,-1.631886,0.04472542,23.02851,23.07324,
#leftForeArmCube,-0.5668555,1.435734,-0.4756957,2.514003,1.714564,0,tunelzinho15_bar,-0.8380041,1.513743,-0.3358712,0,350,0,0.2711486,-0.07800841,-0.1398245,-0.6135032,-0.1317004,-0.03017929,0.04727605,1.567435,-0.4638861,0.05427604,2.207434,-1.631886,0.04860115,23.02851,23.07711,
#rightArmCube,0.3747261,1.435734,-0.7350903,2.514003,181.7146,0,tunelzinho2_support (1),0.3685741,0.8645127,-0.5242248,0,30.00001,0,0.006151915,0.5712215,-0.2108655,0.3355032,-0.1317004,-0.03017929,0.04027604,1.567435,-0.6948861,0.04727604,2.207434,-1.863886,0.03190422,23.06917,23.10107,
#LeftArm,-0.1451774,1.435734,-0.7195276,2.513832,1.714564,0,tunelzinho16_support,-0.2700014,0.8645127,-0.4180017,0,340,0,0.124824,0.5712215,-0.301526,-0.1846332,-0.1317004,-0.03017928,0.04027604,1.567435,-0.6948861,0.04727604,2.207434,-1.863886,0.0520668,23.07318,23.12525,
#leftArmCube,-0.2961098,1.435734,-0.7150096,2.514003,1.714564,0,tunelzinho16_support,-0.2700014,0.8645127,-0.4180017,0,340,0,-0.02610841,0.5712215,-0.297008,-0.3356331,-0.1317004,-0.03017928,0.04027604,1.567435,-0.6948861,0.04727604,2.207434,-1.863886,0.05740547,23.07318,23.13059,
#LeftArm,-0.1451774,1.435734,-0.7195276,2.513832,1.714564,0,tunelzinho16_bar,-0.7509155,1.513743,-0.59304,0,340,0,0.6057381,-0.07800841,-0.1264876,-0.1846332,-0.1317004,-0.03017928,0.04027604,1.567435,-0.6948861,0.04727604,2.207434,-1.863886,0.07016182,23.08123,23.15139,
#rightForeArmCube,0.6607279,1.435734,-0.7436514,2.514003,181.7146,0,tunelzinho3_bar,0.8830853,1.513743,-0.5469642,0,20,0,-0.2223573,-0.07800841,-0.1966872,0.6216332,-0.1317004,-0.03017932,0.04027604,1.567435,-0.6948861,0.04727604,2.207434,-1.863886,0.0780983,23.07707,23.15517,
#leftArmCube,-0.2961098,1.435734,-0.7150096,2.514003,1.714564,0,tunelzinho16_bar,-0.7509155,1.513743,-0.59304,0,340,0,0.4548057,-0.07800841,-0.1219696,-0.3356331,-0.1317004,-0.03017928,0.04027604,1.567435,-0.6948861,0.04727604,2.207434,-1.863886,0.07772636,23.08123,23.15896,
#rightArmCube,0.3747261,1.435734,-0.7350903,2.514003,181.7146,0,tunelzinho2_bar,0.8117867,1.513743,-0.7801127,0,30.00001,0,-0.4370606,-0.07800841,0.04502249,0.3355032,-0.1317004,-0.03017929,0.04027604,1.567435,-0.6948861,0.04727604,2.207434,-1.863886,0.003864288,23.15891,23.16277,
#leftForeArmCube,-0.5738555,1.435734,-0.7066957,2.514003,1.714564,0,tunelzinho16_bar,-0.7509155,1.513743,-0.59304,0,340,0,0.17706,-0.07800841,-0.1136557,-0.6135032,-0.1317004,-0.03017929,0.04027604,1.567435,-0.6948861,0.04727604,2.207434,-1.863886,0.08501625,23.08123,23.16625,
#rightArmCube,0.3647261,1.435734,-1.05909,2.514003,181.7146,0,tunelzinho1_support (1),0.2929096,0.8645127,-0.6650748,0,40,0,0.07181644,0.5712215,-0.3940154,0.3355032,-0.1317004,-0.03017929,0.03027604,1.567435,-1.018886,0.04027604,2.207434,-2.094886,0.05501747,23.15134,23.20636,
#LeftArmSphere,-0.1551774,1.435734,-1.043528,0,1.714564,0,tunelzinho18_support,-0.144001,0.8645127,-0.7030025,0,320,0,-0.01117641,0.5712215,-0.3405252,-0.1846332,-0.1317004,-0.03017928,0.03027604,1.567435,-1.018886,0.04027604,2.207434,-2.094886,0.05870819,23.15136,23.21007,
#LeftArm,-0.1551774,1.435734,-1.043528,2.513832,1.714564,0,tunelzinho18_support,-0.144001,0.8645127,-0.7030025,0,320,0,-0.01117641,0.5712215,-0.3405252,-0.1846332,-0.1317004,-0.03017928,0.03027604,1.567435,-1.018886,0.04027604,2.207434,-2.094886,0.0645771,23.15136,23.21594,
#leftArmCube,-0.3061098,1.435734,-1.03901,2.514003,1.714564,0,tunelzinho18_support,-0.144001,0.8645127,-0.7030025,0,320,0,-0.1621088,0.5712215,-0.3360072,-0.3356331,-0.1317004,-0.03017934,0.03027604,1.567435,-1.018886,0.04027604,2.207434,-2.094886,0.06838036,23.15136,23.21974,
#spineCube,0.03070291,1.202057,-1.004626,0,1.714564,0,tunelzinho18_support,-0.144001,0.8645127,-0.7030025,0,320,0,0.1747039,0.3375444,-0.3016232,7.940933E-25,-0.3653774,0.01426683,0.03027604,1.567435,-1.018886,0.04027604,2.207434,-2.094886,0.07225227,23.15136,23.22361,
#rightArmCube,0.3647261,1.435734,-1.05909,2.514003,181.7146,0,tunelzinho1_bar,0.6849546,1.513743,-0.9940381,0,40,0,-0.3202286,-0.07800841,-0.06505215,0.3355032,-0.1317004,-0.03017929,0.03027604,1.567435,-1.018886,0.04027604,2.207434,-2.094886,0.07528877,23.15133,23.22662,
#spineCube,0.03070291,1.202057,-1.004626,0,1.714564,0,tunelzinho18_bar,-0.536046,1.513743,-1.031966,0,320,0,0.5667489,-0.3116854,0.02734005,7.940933E-25,-0.3653774,0.01426683,0.03027604,1.567435,-1.018886,0.04027604,2.207434,-2.094886,0.06248474,23.16997,23.23245,
#leftForeArmCube,-0.5838555,1.435734,-1.030696,2.514003,1.714564,0,tunelzinho17_bar,-0.6522141,1.513743,-0.8388915,0,330,0,0.06835854,-0.07800841,-0.1918042,-0.6135032,-0.1317004,-0.03017929,0.03027604,1.567435,-1.018886,0.04027604,2.207434,-2.094886,0.06557465,23.16999,23.23556,
#LeftArm,-0.1551774,1.435734,-1.043528,2.513832,1.714564,0,tunelzinho17_bar,-0.6522141,1.513743,-0.8388915,0,330,0,0.4970366,-0.07800841,-0.2046361,-0.1846332,-0.1317004,-0.03017928,0.03027604,1.567435,-1.018886,0.04027604,2.207434,-2.094886,0.06876373,23.16999,23.23875,
#rightForeArmCube,0.6507279,1.435734,-1.067651,2.514003,181.7146,0,tunelzinho2_bar,0.8117867,1.513743,-0.7801127,0,30.00001,0,-0.1610587,-0.07800841,-0.2875386,0.6216332,-0.1317004,-0.03017932,0.03027604,1.567435,-1.018886,0.04027604,2.207434,-2.094886,0.08285904,23.15891,23.24177,
#leftArmCube,-0.3061098,1.435734,-1.03901,2.514003,1.714564,0,tunelzinho17_bar,-0.6522141,1.513743,-0.8388915,0,330,0,0.3461042,-0.07800841,-0.2001182,-0.3356331,-0.1317004,-0.03017934,0.03027604,1.567435,-1.018886,0.04027604,2.207434,-2.094886,0.07498169,23.16999,23.24497,
#LeftArmSphere,-0.1551774,1.435734,-1.043528,0,1.714564,0,tunelzinho18_bar,-0.536046,1.513743,-1.031966,0,320,0,0.3808686,-0.07800841,-0.01156187,-0.1846332,-0.1317004,-0.03017928,0.03027604,1.567435,-1.018886,0.04027604,2.207434,-2.094886,0.01229095,23.2387,23.25099,
#LeftArm,-0.1551774,1.435734,-1.056528,2.513832,1.714564,0,tunelzinho18_bar,-0.536046,1.513743,-1.031966,0,320,0,0.3808686,-0.07800841,-0.02456188,-0.1846332,-0.1317004,-0.03017928,0.03027604,1.567435,-1.031886,0.03027604,2.207434,-2.418886,0.0349884,23.2387,23.27368,
#leftArmCube,-0.3061098,1.435734,-1.05201,2.514003,1.714564,0,tunelzinho18_bar,-0.536046,1.513743,-1.031966,0,320,0,0.2299362,-0.07800841,-0.02004397,-0.3356331,-0.1317004,-0.03017934,0.03027604,1.567435,-1.031886,0.03027604,2.207434,-2.418886,0.03821373,23.2387,23.27691,
#rightForeArmCube,0.6457279,1.435734,-1.242651,2.514003,181.7146,0,tunelzinho1_bar,0.6849546,1.513743,-0.9940381,0,40,0,-0.03922671,-0.07800841,-0.2486132,0.6216332,-0.1317004,-0.03017932,0.02527604,1.567435,-1.193886,0.02627604,2.207434,-2.542886,0.09992409,23.23872,23.33865,
#leftForeArmCube,-0.5908555,1.435734,-1.286696,2.514003,1.714564,0,tunelzinho18_bar,-0.536046,1.513743,-1.031966,0,320,0,-0.05480945,-0.07800841,-0.25473,-0.6135032,-0.1317004,-0.03017929,0.02327604,1.567435,-1.274886,0.02427604,2.207434,-2.637886,0.135973,23.2387,23.37467,
#leftHandRingCube,-0.8788593,1.450656,-1.410518,2.513832,1.714564,0,tunelzinho18_support (1),-0.9280901,0.8645127,-1.36093,0,320,0,0.04923075,0.5861429,-0.04958785,-0.897116,-0.1167789,-0.04749491,0.01927604,1.567435,-1.389886,0.02027604,2.207434,-2.768886,0.04320908,23.4109,23.45411,
#leftHandMiddleCube,-0.8825071,1.449701,-1.402663,2.513832,1.714564,0,tunelzinho18_support (1),-0.9280901,0.8645127,-1.36093,0,320,0,0.04558295,0.5851886,-0.04173279,-0.9014161,-0.1177332,-0.02575884,0.01927604,1.567435,-1.403886,0.01927604,2.207434,-2.789886,0.2957401,23.4109,23.70664,
#leftHandIndexCube,-0.886972,1.448763,-1.41517,2.513832,1.714564,0,tunelzinho18_support (1),-0.9280901,0.8645127,-1.36093,0,320,0,0.04111814,0.58425,-0.05424011,-0.9055224,-0.1186719,-0.004379406,0.01827604,1.567435,-1.437886,0.01827604,2.207434,-2.809886,0.5474243,23.4109,23.95832,
#leftHandIndexCube,-0.8829719,1.448763,-1.28417,2.513832,1.714564,0,tunelzinho18_support (1),-0.9280901,0.8645127,-1.36093,0,320,0,0.04511815,0.58425,0.07675993,-0.9055224,-0.1186719,-0.004379406,0.02227604,1.567435,-1.306886,0.02027604,2.207434,-2.758886,0.1804905,26.66966,26.85015,
#leftHandMiddleCube,-0.8795072,1.449701,-1.305663,2.513832,1.714564,0,tunelzinho18_support (1),-0.9280901,0.8645127,-1.36093,0,320,0,0.04858291,0.5851886,0.05526721,-0.9014161,-0.1177332,-0.02575884,0.02227604,1.567435,-1.306886,0.02027604,2.207434,-2.758886,0.1840267,26.66966,26.85368,
#leftHandRingCube,-0.8758594,1.450656,-1.327518,2.513832,1.714564,0,tunelzinho18_support (1),-0.9280901,0.8645127,-1.36093,0,320,0,0.05223072,0.5861429,0.03341222,-0.897116,-0.1167789,-0.04749491,0.02227604,1.567435,-1.306886,0.02027604,2.207434,-2.758886,0.1881847,26.66966,26.85784,
#leftForeArmCube,-0.5788555,1.435734,-0.8586957,2.514003,1.714564,0,tunelzinho18_bar,-0.536046,1.513743,-1.031966,0,320,0,-0.04280949,-0.07800841,0.17327,-0.6135032,-0.1317004,-0.03017929,0.03527604,1.567435,-0.8468861,0.03427604,2.207434,-2.282886,0.03191376,27.22209,27.25401,
#rightForeArmCube,0.6607279,1.435734,-0.7366513,2.514003,181.7146,0,tunelzinho1_bar,0.6849546,1.513743,-0.9940381,0,40,0,-0.02422673,-0.07800841,0.2573868,0.6216331,-0.1317004,-0.03017926,0.04027604,1.567435,-0.6878861,0.03527604,2.207434,-2.246886,0.03373146,27.25397,27.2877,
#rightArmSphere,0.2386507,1.435734,-0.733017,0,1.714564,0,tunelzinho1_support (1),0.2929096,0.8645127,-0.6650748,0,40,0,-0.05425896,0.5712215,-0.06794214,0.1993668,-0.1317004,-0.03017928,0.04027604,1.567435,-0.6968861,0.04127604,2.207434,-2.058886,0.1270123,27.32674,27.45375,
#rightForeArmCube,0.6477279,1.435734,-1.159651,2.514003,181.7146,0,tunelzinho2_bar,0.8117867,1.513743,-0.7801127,0,30.00001,0,-0.1640587,-0.07800841,-0.3795387,0.6216332,-0.1317004,-0.03017932,0.02727604,1.567435,-1.110886,0.04027604,2.207434,-2.096886,0.2482014,27.28767,27.53588,
#rightArmCube,0.3617261,1.435734,-1.15109,2.514003,181.7146,0,tunelzinho1_support (1),0.2929096,0.8645127,-0.6650748,0,40,0,0.06881645,0.5712215,-0.4860154,0.3355032,-0.1317004,-0.03017929,0.02727604,1.567435,-1.110886,0.04027604,2.207434,-2.096886,0.2133579,27.32674,27.5401,
#LeftArmSphere,-0.1581774,1.435734,-1.135528,0,1.714564,0,tunelzinho18_support,-0.144001,0.8645127,-0.7030025,0,320,0,-0.0141764,0.5712215,-0.4325252,-0.1846332,-0.1317004,-0.03017928,0.02727604,1.567435,-1.110886,0.04027604,2.207434,-2.096886,0.257164,27.28765,27.54481,
#LeftArm,-0.1581774,1.435734,-1.135528,2.513832,1.714564,0,tunelzinho18_support,-0.144001,0.8645127,-0.7030025,0,320,0,-0.0141764,0.5712215,-0.4325252,-0.1846332,-0.1317004,-0.03017928,0.02727604,1.567435,-1.110886,0.04027604,2.207434,-2.096886,0.2638779,27.28765,27.55153,
#leftArmCube,-0.3091098,1.435734,-1.13101,2.514003,1.714564,0,tunelzinho18_support,-0.144001,0.8645127,-0.7030025,0,320,0,-0.1651088,0.5712215,-0.4280072,-0.3356331,-0.1317004,-0.03017934,0.02727604,1.567435,-1.110886,0.04027604,2.207434,-2.096886,0.2671566,27.28765,27.55481,
#spineCube,0.02770291,1.202057,-1.096626,0,1.714564,0,tunelzinho18_support,-0.144001,0.8645127,-0.7030025,0,320,0,0.1717039,0.3375444,-0.3936232,7.940933E-25,-0.3653774,0.01426683,0.02727604,1.567435,-1.110886,0.04027604,2.207434,-2.096886,0.2710533,27.28765,27.5587,
#rightArmCube,0.3617261,1.435734,-1.15109,2.514003,181.7146,0,tunelzinho1_bar,0.6849546,1.513743,-0.9940381,0,40,0,-0.3232286,-0.07800841,-0.1570522,0.3355032,-0.1317004,-0.03017929,0.02727604,1.567435,-1.110886,0.04027604,2.207434,-2.096886,0.3092442,27.25397,27.56321,
#leftForeArmCube,-0.5868555,1.435734,-1.122696,2.514003,1.714564,0,tunelzinho17_bar,-0.6522141,1.513743,-0.8388915,0,330,0,0.06535852,-0.07800841,-0.2838042,-0.6135032,-0.1317004,-0.03017929,0.02727604,1.567435,-1.110886,0.04027604,2.207434,-2.096886,0.2826538,27.28766,27.57032,
#LeftArm,-0.1581774,1.435734,-1.135528,2.513832,1.714564,0,tunelzinho17_bar,-0.6522141,1.513743,-0.8388915,0,330,0,0.4940366,-0.07800841,-0.2966361,-0.1846332,-0.1317004,-0.03017928,0.02727604,1.567435,-1.110886,0.04027604,2.207434,-2.096886,0.2892723,27.28766,27.57694,
#LeftArm,-0.1581774,1.435734,-1.135528,2.513832,1.714564,0,tunelzinho18_bar,-0.536046,1.513743,-1.031966,0,320,0,0.3778686,-0.07800841,-0.1035619,-0.1846332,-0.1317004,-0.03017928,0.02727604,1.567435,-1.110886,0.04027604,2.207434,-2.096886,0.2915974,27.29175,27.58335,
#leftArmCube,-0.3091098,1.435734,-1.13101,2.514003,1.714564,0,tunelzinho18_bar,-0.536046,1.513743,-1.031966,0,320,0,0.2269362,-0.07800841,-0.09904397,-0.3356331,-0.1317004,-0.03017934,0.02727604,1.567435,-1.110886,0.04027604,2.207434,-2.096886,0.2958202,27.29175,27.58757,
#leftArmCube,-0.3091098,1.435734,-1.13101,2.514003,1.714564,0,tunelzinho17_bar,-0.6522141,1.513743,-0.8388915,0,330,0,0.3431042,-0.07800841,-0.2921182,-0.3356331,-0.1317004,-0.03017934,0.02727604,1.567435,-1.110886,0.04027604,2.207434,-2.096886,0.3040028,27.28766,27.59167,
#LeftArmSphere,-0.1581774,1.435734,-1.135528,0,1.714564,0,tunelzinho18_bar,-0.536046,1.513743,-1.031966,0,320,0,0.3778686,-0.07800841,-0.1035619,-0.1846332,-0.1317004,-0.03017928,0.02727604,1.567435,-1.110886,0.04027604,2.207434,-2.096886,0.005641937,27.59162,27.59726,
#spineCube,0.02770291,1.202057,-1.096626,0,1.714564,0,tunelzinho18_bar,-0.536046,1.513743,-1.031966,0,320,0,0.563749,-0.3116854,-0.06465995,7.940933E-25,-0.3653774,0.01426683,0.02727604,1.567435,-1.110886,0.04027604,2.207434,-2.096886,0.01082993,27.59162,27.60245,
#leftForeArmCube,-0.5948555,1.435734,-1.417696,2.514003,1.714564,0,tunelzinho18_bar,-0.536046,1.513743,-1.031966,0,320,0,-0.05880946,-0.07800841,-0.3857299,-0.6135032,-0.1317004,-0.03017929,0.01927604,1.567435,-1.405886,0.02727604,2.207434,-2.510886,0.0430088,27.59162,27.63463,
#leftHandIndexCube,-0.8889719,1.448763,-1.46217,2.513832,1.714564,0,tunelzinho18_support (1),-0.9280901,0.8645127,-1.36093,0,320,0,0.03911817,0.58425,-0.10124,-0.9055224,-0.1186719,-0.004379406,0.01627604,1.567435,-1.484886,0.01927604,2.207434,-2.805886,0.04701614,27.64102,27.68803,
