#bar,0.6849546,1.513743,-0.9940381,0,40,0,tunelzinho1_support,1.076999,0.8645127,-1.323002,0,40,0,-0.3920441,0.6492299,0.3289642,0.7342572,-0.06369235,-2.047099,0.01227604,1.577435,1.074114,0.01227605,1.677435,1.184114,0.02208471,2.641119,2.663204,
#support,1.076999,0.8645127,-1.323002,0,40,0,tunelzinho1_bar,0.6849546,1.513743,-0.9940381,0,40,0,0.3920441,-0.6492299,-0.3289642,1.135968,-0.7129224,-2.364186,0.01227604,1.577435,1.074114,0.01227605,1.677435,1.184114,0.02706718,2.642932,2.669999,
#bar,0.6849546,1.513743,-0.9940381,0,40,0,tunelzinho1_support (1),0.2929096,0.8645127,-0.6650748,0,40,0,0.392045,0.6492299,-0.3289633,0.7342572,-0.06369235,-2.047099,0.01227604,1.577435,1.074114,0.01227605,1.677435,1.184114,0.03382635,2.64293,2.676756,
#support (1),0.2929096,0.8645127,-0.6650748,0,40,0,tunelzinho1_bar,0.6849546,1.513743,-0.9940381,0,40,0,-0.392045,-0.6492299,0.3289633,0.332545,-0.7129223,-1.730013,0.01227604,1.577435,1.074114,0.01227605,1.677435,1.184114,0.03630018,2.642932,2.679232,
#support,1.254999,0.8645127,-1.036001,0,30.00001,0,tunelzinho2_bar,0.8117867,1.513743,-0.7801127,0,30.00001,0,0.4432125,-0.6492299,-0.255888,1.305302,-0.7129223,-2.071987,0.01227604,1.577435,1.074114,0.01227605,1.677435,1.184114,0.04141998,2.641091,2.682511,
#bar,0.8117867,1.513743,-0.7801127,0,30.00001,0,tunelzinho2_support,1.254999,0.8645127,-1.036001,0,30.00001,0,-0.4432125,0.6492299,0.255888,0.8546317,-0.06369229,-1.829475,0.01227604,1.577435,1.074114,0.01227605,1.677435,1.184114,0.0436101,2.641078,2.684688,
#support (1),0.3685741,0.8645127,-0.5242248,0,30.00001,0,tunelzinho2_bar,0.8117867,1.513743,-0.7801127,0,30.00001,0,-0.4432125,-0.6492299,0.255888,0.4039614,-0.7129223,-1.586962,0.01227604,1.577435,1.074114,0.01227605,1.677435,1.184114,0.04571414,2.641091,2.686805,
#bar,0.8117867,1.513743,-0.7801127,0,30.00001,0,tunelzinho2_support (1),0.3685741,0.8645127,-0.5242248,0,30.00001,0,0.4432125,0.6492299,-0.255888,0.8546317,-0.06369229,-1.829475,0.01227604,1.577435,1.074114,0.01227605,1.677435,1.184114,0.04780865,2.641094,2.688903,
#support,1.363999,0.8645127,-0.7220006,0,20,0,tunelzinho3_bar,0.8830853,1.513743,-0.5469642,0,20,0,0.4809141,-0.6492299,-0.1750364,1.404858,-0.7129223,-1.754867,0.01227604,1.577435,1.074114,0.01227605,1.677435,1.184114,0.0512414,2.641064,2.692306,
#bar,0.8830853,1.513743,-0.5469642,0,20,0,tunelzinho3_support,1.363999,0.8645127,-0.7220006,0,20,0,-0.4809141,0.6492299,0.1750364,0.9189225,-0.06369223,-1.594298,0.01227604,1.577435,1.074114,0.01227605,1.677435,1.184114,0.05345607,2.641045,2.694501,
#bar,0.8830853,1.513743,-0.5469642,0,20,0,tunelzinho3_support (1),0.4021721,0.8645127,-0.3719249,0,20,0,0.4809132,0.6492299,-0.1750393,0.9189225,-0.06369223,-1.594298,0.01227604,1.577435,1.074114,0.01227605,1.677435,1.184114,0.05577707,2.641063,2.69684,
#support (1),0.4021721,0.8645127,-0.3719249,0,20,0,tunelzinho3_bar,0.8830853,1.513743,-0.5469642,0,20,0,-0.4809132,-0.6492299,0.1750393,0.4329875,-0.7129222,-1.433726,0.01227604,1.577435,1.074114,0.01227605,1.677435,1.184114,0.05834937,2.641064,2.699414,
#bar,0.909996,1.513743,-0.3061328,0,10,0,tunelzinho4_support,1.413999,0.8645127,-0.3950019,0,10,0,-0.504003,0.6492299,0.08886909,0.9386155,-0.06369223,-1.352769,0.01227604,1.577435,1.074114,0.01227605,1.677435,1.184114,0.06253338,2.641035,2.703568,
#support,1.413999,0.8645127,-0.3950019,0,10,0,tunelzinho4_bar,0.909996,1.513743,-0.3061328,0,10,0,0.504003,-0.6492299,-0.08886909,1.445052,-0.7129222,-1.426518,0.01227604,1.577435,1.074114,0.01227605,1.677435,1.184114,0.06589866,2.641052,2.70695,
#support (1),0.4059944,0.8645127,-0.2172618,0,10,0,tunelzinho4_bar,0.909996,1.513743,-0.3061328,0,10,0,-0.5040016,-0.6492299,0.088871,0.4321805,-0.7129222,-1.279017,0.01227604,1.577435,1.074114,0.01227605,1.677435,1.184114,0.06863546,2.641052,2.709687,
#bar,0.909996,1.513743,-0.3061328,0,10,0,tunelzinho4_support (1),0.4059944,0.8645127,-0.2172618,0,10,0,0.5040016,0.6492299,-0.088871,0.9386155,-0.06369223,-1.352769,0.01227604,1.577435,1.074114,0.01227605,1.677435,1.184114,0.07096839,2.641056,2.712024,
#bar,0.9122219,1.513743,-0.04400206,0,0,0,tunelzinho5_support,1.423999,0.8645127,-0.04400206,0,0,0,-0.5117774,0.6492299,0,0.9329973,-0.06369217,-1.090689,0.01227604,1.577435,1.074114,0.01227605,1.677435,1.184114,0.07336879,2.641029,2.714398,
#support,1.423999,0.8645127,-0.04400206,0,0,0,tunelzinho5_bar,0.9122219,1.513743,-0.04400206,0,0,0,0.5117774,-0.6492299,0,1.444546,-0.7129222,-1.075376,0.01227604,1.577435,1.074114,0.01227605,1.677435,1.184114,0.07566667,2.641059,2.716725,
#bar,0.9122219,1.513743,-0.04400206,0,0,0,tunelzinho5_support (1),0.4004431,0.8645127,-0.0440011,0,0,0,0.5117788,0.6492299,-9.536743E-07,0.9329973,-0.06369217,-1.090689,0.01227604,1.577435,1.074114,0.01227605,1.677435,1.184114,0.07854509,2.641057,2.719602,
#support (1),0.4004431,0.8645127,-0.0440011,0,0,0,tunelzinho5_bar,0.9122219,1.513743,-0.04400206,0,0,0,-0.5117788,-0.6492299,9.536743E-07,0.4214476,-0.7129222,-1.106,0.01227604,1.577435,1.074114,0.01227605,1.677435,1.184114,0.08196473,2.641059,2.723023,
#support,1.425999,0.8645127,0.2909985,0,350,0,tunelzinho6_bar,0.9219971,1.513743,0.2021298,0,350,0,0.5040021,-0.6492299,0.08886862,1.436521,-0.7129221,-0.7404658,0.01227604,1.577435,1.074114,0.01227605,1.677435,1.184114,0.08450484,2.641047,2.725551,
#bar,0.9219971,1.513743,0.2021298,0,350,0,tunelzinho6_support,1.425999,0.8645127,0.2909985,0,350,0,-0.5040021,0.6492299,-0.08886862,0.9354038,-0.06369211,-0.8443747,0.01227604,1.577435,1.074114,0.01227605,1.677435,1.184114,0.08707142,2.641026,2.728098,
#support (1),0.4179935,0.8645127,0.1132607,0,350,0,tunelzinho6_bar,0.9219971,1.513743,0.2021298,0,350,0,-0.5040035,-0.6492299,-0.08886909,0.4342849,-0.7129222,-0.9482838,0.01227604,1.577435,1.074114,0.01227605,1.677435,1.184114,0.08967257,2.641047,2.730719,
#bar,0.9219971,1.513743,0.2021298,0,350,0,tunelzinho6_support (1),0.4179935,0.8645127,0.1132607,0,350,0,0.5040035,0.6492299,0.08886909,0.9354038,-0.06369211,-0.8443747,0.01227604,1.577435,1.074114,0.01227605,1.677435,1.184114,0.09233594,2.64105,2.733386,
#support,1.335999,0.8645127,0.6069989,0,340,0,tunelzinho7_bar,0.8550854,1.513743,0.4319596,0,340,0,0.4809141,-0.6492299,0.1750393,1.337107,-0.712922,-0.4272996,0.01227604,1.577435,1.074114,0.01227605,1.677435,1.184114,0.09497857,2.641081,2.73606,
#bar,0.8550854,1.513743,0.4319596,0,340,0,tunelzinho7_support,1.335999,0.8645127,0.6069989,0,340,0,-0.4809141,0.6492299,-0.1750393,0.8616455,-0.06369211,-0.6166498,0.01227604,1.577435,1.074114,0.01227605,1.677435,1.184114,0.09751463,2.641073,2.738587,
#bar,0.8550854,1.513743,0.4319596,0,340,0,tunelzinho7_support (1),0.3741722,0.8645127,0.2569222,0,340,0,0.4809132,0.6492299,0.1750374,0.8616455,-0.06369211,-0.6166498,0.01227604,1.577435,1.074114,0.01227605,1.677435,1.184114,0.1005599,2.64108,2.74164,
#support (1),0.3741722,0.8645127,0.2569222,0,340,0,tunelzinho7_bar,0.8550854,1.513743,0.4319596,0,340,0,-0.4809132,-0.6492299,-0.1750374,0.3861848,-0.7129222,-0.8059977,0.01227604,1.577435,1.074114,0.01227605,1.677435,1.184114,0.1034813,2.641081,2.744563,
#bar,0.7827864,1.513743,0.6651092,0,330,0,tunelzinho8_support,1.225999,0.8645127,0.9209991,0,330,0,-0.4432125,0.6492299,-0.2558899,0.7824029,-0.06369205,-0.3857678,0.01227604,1.577435,1.074114,0.01227605,1.677435,1.184114,0.1061463,2.641096,2.747242,
#support,1.225999,0.8645127,0.9209991,0,330,0,tunelzinho8_bar,0.7827864,1.513743,0.6651092,0,330,0,0.4432125,-0.6492299,0.2558899,1.217761,-0.712922,-0.1167314,0.01227604,1.577435,1.074114,0.01227605,1.677435,1.184114,0.1094782,2.641114,2.750592,
#support (1),0.3395739,0.8645127,0.4092212,0,330,0,tunelzinho8_bar,0.7827864,1.513743,0.6651092,0,330,0,-0.4432125,-0.6492299,-0.255888,0.3470451,-0.712922,-0.6548022,0.01227604,1.577435,1.074114,0.01227605,1.677435,1.184114,0.1124008,2.641114,2.753515,
#bar,0.7827864,1.513743,0.6651092,0,330,0,tunelzinho8_support (1),0.3395739,0.8645127,0.4092212,0,330,0,0.4432125,0.6492299,0.255888,0.7824029,-0.06369205,-0.3857678,0.01227604,1.577435,1.074114,0.01227605,1.677435,1.184114,0.1151958,2.641118,2.756313,
#support,1.059999,0.8645127,1.193998,0,320,0,tunelzinho9_bar,0.6679544,1.513743,0.8650336,0,320,0,0.3920441,-0.6492299,0.3289642,1.043666,-0.7129219,0.1511785,0.01227604,1.577435,1.074114,0.01227605,1.677435,1.184114,0.1165137,2.642942,2.759455,
#bar,0.6679544,1.513743,0.8650336,0,320,0,tunelzinho9_support,1.059999,0.8645127,1.193998,0,320,0,-0.3920441,0.6492299,-0.3289642,0.6616406,-0.06369205,-0.1893687,0.01227604,1.577435,1.074114,0.01227605,1.677435,1.184114,0.1210985,2.641129,2.762228,
#support (1),0.2759094,0.8645127,0.5360703,0,320,0,tunelzinho9_bar,0.6679544,1.513743,0.8650336,0,320,0,-0.392045,-0.6492299,-0.3289633,0.2796138,-0.712922,-0.5299147,0.01227604,1.577435,1.074114,0.01227605,1.677435,1.184114,0.1226006,2.642942,2.765542,
#bar,0.6679544,1.513743,0.8650336,0,320,0,tunelzinho9_support (1),0.2759094,0.8645127,0.5360703,0,320,0,0.392045,0.6492299,0.3289633,0.6616406,-0.06369205,-0.1893687,0.01227604,1.577435,1.074114,0.01227605,1.677435,1.184114,0.125597,2.642946,2.768543,
#support,-0.2830019,0.8645127,0.3989997,0,30.00001,0,tunelzinho11_bar,-0.7262144,1.513743,0.6548877,0,30.00001,0,0.4432125,-0.6492299,-0.255888,-0.2749461,-0.712922,-0.6836469,0.01227604,1.577435,1.074114,0.01227605,1.677435,1.184114,0.1284103,2.642985,2.771395,
#bar,-0.7262144,1.513743,0.6548877,0,30.00001,0,tunelzinho11_support,-0.2830019,0.8645127,0.3989997,0,30.00001,0,-0.4432125,0.6492299,0.255888,-0.7256165,-0.06369205,-0.4411345,0.01227604,1.577435,1.074114,0.01227605,1.677435,1.184114,0.131284,2.642989,2.774273,
#support (1),-1.169427,0.8645127,0.9107757,0,30.00001,0,tunelzinho11_bar,-0.7262144,1.513743,0.6548877,0,30.00001,0,-0.4432125,-0.6492299,0.255888,-1.176287,-0.712922,-0.1986221,0.01227604,1.577435,1.074114,0.01227605,1.677435,1.184114,0.1341555,2.642985,2.777141,
#bar,-0.7262144,1.513743,0.6548877,0,30.00001,0,tunelzinho11_support (1),-1.169427,0.8645127,0.9107757,0,30.00001,0,0.4432125,0.6492299,-0.255888,-0.7256165,-0.06369205,-0.4411345,0.01227604,1.577435,1.074114,0.01227605,1.677435,1.184114,0.1370976,2.642981,2.780079,
#support,-0.1960011,0.8645127,0.5309987,0,40,0,tunelzinho10_bar,-0.5880461,1.513743,0.859962,0,40,0,0.392045,-0.6492299,-0.3289633,-0.1919337,-0.712922,-0.5491038,0.01227604,1.577435,1.074114,0.01227605,1.677435,1.184114,0.1390407,2.64386,2.782901,
#bar,-0.5880461,1.513743,0.859962,0,40,0,tunelzinho10_support,-0.1960011,0.8645127,0.5309987,0,40,0,-0.392045,0.6492299,0.3289633,-0.5936459,-0.06369205,-0.232018,0.01227604,1.577435,1.074114,0.01227605,1.677435,1.184114,0.1428063,2.643025,2.785832,
#support (1),-0.9800901,0.8645127,1.188928,0,40,0,tunelzinho10_bar,-0.5880461,1.513743,0.859962,0,40,0,-0.3920441,-0.6492299,0.3289661,-0.9953572,-0.7129219,0.08507089,0.01227604,1.577435,1.074114,0.01227605,1.677435,1.184114,0.1448262,2.64386,2.788686,
#bar,-0.5880461,1.513743,0.859962,0,40,0,tunelzinho10_support (1),-0.9800901,0.8645127,1.188928,0,40,0,0.3920441,0.6492299,-0.3289661,-0.5936459,-0.06369205,-0.232018,0.01227604,1.577435,1.074114,0.01227605,1.677435,1.184114,0.1492789,2.643867,2.793146,
#bar,-0.8079157,1.513743,0.4530368,0,20,0,tunelzinho12_support,-0.3270006,0.8645127,0.2779975,0,20,0,-0.4809151,0.6492299,0.1750393,-0.8012418,-0.06369211,-0.6453396,0.01227604,1.577435,1.074114,0.01227605,1.677435,1.184114,0.1530967,2.642948,2.796045,
#support,-0.3270006,0.8645127,0.2779975,0,20,0,tunelzinho12_bar,-0.8079157,1.513743,0.4530368,0,20,0,0.4809151,-0.6492299,-0.1750393,-0.3153047,-0.7129222,-0.8059113,0.01227604,1.577435,1.074114,0.01227605,1.677435,1.184114,0.1559746,2.64295,2.798924,
#support (1),-1.288829,0.8645127,0.6280742,0,20,0,tunelzinho12_bar,-0.8079157,1.513743,0.4530368,0,20,0,-0.4809132,-0.6492299,0.1750374,-1.287177,-0.712922,-0.4847695,0.01227604,1.577435,1.074114,0.01227605,1.677435,1.184114,0.1590011,2.64295,2.801951,
#bar,-0.8079157,1.513743,0.4530368,0,20,0,tunelzinho12_support (1),-1.288829,0.8645127,0.6280742,0,20,0,0.4809132,0.6492299,-0.1750374,-0.8012418,-0.06369211,-0.6453396,0.01227604,1.577435,1.074114,0.01227605,1.677435,1.184114,0.1635463,2.641151,2.804698,
#bar,-0.833004,1.513743,0.1978688,0,10,0,tunelzinho13_support,-0.3290014,0.8645127,0.1089988,0,10,0,-0.5040026,0.6492299,0.08887005,-0.818684,-0.06369217,-0.901144,0.01227604,1.577435,1.074114,0.01227605,1.677435,1.184114,0.1669846,2.641142,2.808126,
#support,-0.3290014,0.8645127,0.1089988,0,10,0,tunelzinho13_bar,-0.833004,1.513743,0.1978688,0,10,0,0.5040026,-0.6492299,-0.08887005,-0.3122481,-0.7129222,-0.9748943,0.01227604,1.577435,1.074114,0.01227605,1.677435,1.184114,0.1698518,2.641143,2.810995,
#bar,-0.833004,1.513743,0.1978688,0,10,0,tunelzinho13_support (1),-1.337007,0.8645127,0.286737,0,10,0,0.5040026,0.6492299,-0.08886814,-0.818684,-0.06369217,-0.901144,0.01227604,1.577435,1.074114,0.01227605,1.677435,1.184114,0.1873665,2.641108,2.828475,
#support (1),-1.337007,0.8645127,0.286737,0,10,0,tunelzinho13_bar,-0.833004,1.513743,0.1978688,0,10,0,-0.5040026,-0.6492299,0.08886814,-1.32512,-0.7129222,-0.8273954,0.01227604,1.577435,1.074114,0.01227605,1.677435,1.184114,0.19028,2.641143,2.831423,
#bar,-0.8567791,1.513743,-0.08000326,0,0,0,tunelzinho14_support,-0.3450012,0.8645127,-0.08000135,0,0,0,-0.5117779,0.6492299,-1.907349E-06,-0.8341345,-0.06369217,-1.179603,0.01227604,1.577435,1.074114,0.01227605,1.677435,1.184114,0.1934955,2.641131,2.834626,
#support,-0.3450012,0.8645127,-0.08000135,0,0,0,tunelzinho14_bar,-0.8567791,1.513743,-0.08000326,0,0,0,0.5117779,-0.6492299,1.907349E-06,-0.3225858,-0.7129222,-1.164289,0.01227604,1.577435,1.074114,0.01227605,1.677435,1.184114,0.1965742,2.641132,2.837706,
#bar,-0.8567791,1.513743,-0.08000326,0,0,0,tunelzinho14_support (1),-1.368556,0.8645127,-0.08000231,0,0,0,0.5117769,0.6492299,-9.536743E-07,-0.8341345,-0.06369217,-1.179603,0.01227604,1.577435,1.074114,0.01227605,1.677435,1.184114,0.2000384,2.640992,2.841031,
#support (1),-1.368556,0.8645127,-0.08000231,0,0,0,tunelzinho14_bar,-0.8567791,1.513743,-0.08000326,0,0,0,-0.5117769,-0.6492299,9.536743E-07,-1.345682,-0.7129222,-1.194915,0.01227604,1.577435,1.074114,0.01227605,1.677435,1.184114,0.2028694,2.641132,2.844002,
#bar,-0.8380041,1.513743,-0.3358712,0,350,0,tunelzinho15_support,-0.3340015,0.8645127,-0.2470031,0,350,0,-0.5040026,0.6492299,-0.08886814,-0.8077123,-0.06369223,-1.434795,0.01227604,1.577435,1.074114,0.01227605,1.677435,1.184114,0.2062616,2.641137,2.847398,
#support,-0.3340015,0.8645127,-0.2470031,0,350,0,tunelzinho15_bar,-0.8380041,1.513743,-0.3358712,0,350,0,0.5040026,-0.6492299,0.08886814,-0.3065943,-0.7129222,-1.330886,0.01227604,1.577435,1.074114,0.01227605,1.677435,1.184114,0.2092891,2.641138,2.850427,
#bar,-0.8380041,1.513743,-0.3358712,0,350,0,tunelzinho15_support (1),-1.342008,0.8645127,-0.4247403,0,350,0,0.5040035,0.6492299,0.08886909,-0.8077123,-0.06369223,-1.434795,0.01227604,1.577435,1.074114,0.01227605,1.677435,1.184114,0.2128868,2.641102,2.853989,
#support (1),-1.342008,0.8645127,-0.4247403,0,350,0,tunelzinho15_bar,-0.8380041,1.513743,-0.3358712,0,350,0,-0.5040035,-0.6492299,-0.08886909,-1.308831,-0.7129223,-1.538704,0.01227604,1.577435,1.074114,0.01227605,1.677435,1.184114,0.2158668,2.641138,2.857005,
#bar,-0.7509155,1.513743,-0.59304,0,340,0,tunelzinho16_support,-0.2700014,0.8645127,-0.4180017,0,340,0,-0.4809141,0.6492299,-0.1750383,-0.7129681,-0.06369229,-1.689243,0.01227604,1.577435,1.074114,0.01227605,1.677435,1.184114,0.217207,2.642969,2.860176,
#support,-0.2700014,0.8645127,-0.4180017,0,340,0,tunelzinho16_bar,-0.7509155,1.513743,-0.59304,0,340,0,0.4809141,-0.6492299,0.1750383,-0.2375065,-0.7129222,-1.499893,0.01227604,1.577435,1.074114,0.01227605,1.677435,1.184114,0.2203341,2.64297,2.863304,
#bar,-0.7509155,1.513743,-0.59304,0,340,0,tunelzinho16_support (1),-1.231829,0.8645127,-0.7680793,0,340,0,0.4809132,0.6492299,0.1750393,-0.7129681,-0.06369229,-1.689243,0.01227604,1.577435,1.074114,0.01227605,1.677435,1.184114,0.2235103,2.642958,2.866469,
#support (1),-1.231829,0.8645127,-0.7680793,0,340,0,tunelzinho16_bar,-0.7509155,1.513743,-0.59304,0,340,0,-0.4809132,-0.6492299,-0.1750393,-1.188429,-0.7129223,-1.878592,0.01227604,1.577435,1.074114,0.01227605,1.677435,1.184114,0.2271037,2.64297,2.870074,
#support,-0.2090015,0.8645127,-0.5830016,0,330,0,tunelzinho17_bar,-0.6522141,1.513743,-0.8388915,0,330,0,0.4432125,-0.6492299,0.2558899,-0.1715971,-0.7129223,-1.662994,0.01227604,1.577435,1.074114,0.01227605,1.677435,1.184114,0.2302413,2.643001,2.873242,
#bar,-0.6522141,1.513743,-0.8388915,0,330,0,tunelzinho17_support,-0.2090015,0.8645127,-0.5830016,0,330,0,-0.4432125,0.6492299,-0.2558899,-0.6069549,-0.06369229,-1.932031,0.01227604,1.577435,1.074114,0.01227605,1.677435,1.184114,0.2334008,2.643005,2.876406,
#support (1),-1.095427,0.8645127,-1.094779,0,330,0,tunelzinho17_bar,-0.6522141,1.513743,-0.8388915,0,330,0,-0.4432125,-0.6492299,-0.255888,-1.042313,-0.7129223,-2.201065,0.01227604,1.577435,1.074114,0.01227605,1.677435,1.184114,0.2367015,2.643001,2.879703,
#bar,-0.6522141,1.513743,-0.8388915,0,330,0,tunelzinho17_support (1),-1.095427,0.8645127,-1.094779,0,330,0,0.4432125,0.6492299,0.255888,-0.6069549,-0.06369229,-1.932031,0.01227604,1.577435,1.074114,0.01227605,1.677435,1.184114,0.2399709,2.642997,2.882967,
#support,-0.144001,0.8645127,-0.7030025,0,320,0,tunelzinho18_bar,-0.536046,1.513743,-1.031966,0,320,0,0.392045,-0.6492299,0.3289633,-0.1030352,-0.7129223,-1.780997,0.01227604,1.577435,1.074114,0.01227605,1.677435,1.184114,0.2431948,2.643014,2.886209,
#bar,-0.536046,1.513743,-1.031966,0,320,0,tunelzinho18_support,-0.144001,0.8645127,-0.7030025,0,320,0,-0.392045,0.6492299,-0.3289633,-0.485062,-0.06369235,-2.121543,0.01227604,1.577435,1.074114,0.01227605,1.677435,1.184114,0.2463868,2.643012,2.889399,
#support (1),-0.9280901,0.8645127,-1.36093,0,320,0,tunelzinho18_bar,-0.536046,1.513743,-1.031966,0,320,0,-0.3920441,-0.6492299,-0.3289642,-0.8670878,-0.7129224,-2.46209,0.01227604,1.577435,1.074114,0.01227605,1.677435,1.184114,0.2498705,2.643014,2.892885,
#bar,-0.536046,1.513743,-1.031966,0,320,0,tunelzinho18_support (1),-0.9280901,0.8645127,-1.36093,0,320,0,0.3920441,0.6492299,0.3289642,-0.485062,-0.06369235,-2.121543,0.01227604,1.577435,1.074114,0.01227605,1.677435,1.184114,0.2530358,2.643018,2.896054,
