#LeftUpLegSphere,0.02670391,0.9210613,1.172793,0,1.714564,0,task1Objects_barril4,-0.05135536,0.2245206,1.028092,0,270,0,0.07805927,0.6965407,0.1447008,-0.07333788,-0.6463733,0.0244955,0.09927604,1.567435,1.146114,0.08927604,2.207434,-0.4238861,0.4429283,16.03957,16.48249,
#LeftLegSphere,0.02670389,0.5050613,1.172793,0,1.714564,0,task1Objects_barril4,-0.05135536,0.2245206,1.028092,0,270,0,0.07805926,0.2805406,0.1447008,-0.0733379,-1.062373,0.0244955,0.09927604,1.567435,1.146114,0.08927604,2.207434,-0.4238861,0.446764,16.03957,16.48633,
#LeftUpLegCube,0.02370526,0.7090614,1.232882,0,1.714564,0,task1Objects_barril4,-0.05135536,0.2245206,1.028092,0,270,0,0.07506062,0.4845408,0.2047906,-0.07633787,-0.8583732,0.0244955,0.09927604,1.567435,1.206114,0.09927604,2.207434,-0.2538861,0.4703312,16.03957,16.5099,
#LeftLegCube,0.02091924,0.2997614,1.206654,0,1.714564,0,task1Objects_barril4,-0.05135536,0.2245206,1.028092,0,270,0,0.0722746,0.07524079,0.1785625,-0.07833789,-1.267673,-0.001804183,0.09927604,1.567435,1.206114,0.09927604,2.207434,-0.2538861,0.4751987,16.03957,16.51476,
#spineCube,0.09970291,1.202057,1.280374,0,1.714564,0,task1Objects_barril4,-0.05135536,0.2245206,1.028092,0,270,0,0.1510583,0.9775365,0.2522824,3.72529E-09,-0.3653774,0.01426683,0.09927604,1.567435,1.266114,0.09927604,2.207434,-0.1738861,0.6162224,16.03957,16.65579,
#LeftUpLegSphere,0.01670391,0.9210613,0.9127927,0,1.714564,0,task1Objects_barril4,-0.05135536,0.2245206,1.028092,0,270,0,0.06805927,0.6965407,-0.1152992,-0.07333788,-0.6463733,0.0244955,0.08927605,1.567435,0.8861139,0.08927604,2.207434,-0.4638861,1.752766,19.51524,21.268,
#LeftLegSphere,0.0167039,0.5050613,0.8927926,0,1.714564,0,task1Objects_barril4,-0.05135536,0.2245206,1.028092,0,270,0,0.06805926,0.2805406,-0.1352993,-0.0733379,-1.062373,0.02449544,0.08927605,1.567435,0.8661139,0.08927604,2.207434,-0.513886,1.809593,19.51524,21.32483,
#LeftLegCube,0.0009192452,0.2997614,0.6966544,0,1.714564,0,task1Objects_barril4,-0.05135536,0.2245206,1.028092,0,270,0,0.05227461,0.07524079,-0.3314375,-0.07833789,-1.267673,-0.001804183,0.07927604,1.567435,0.6961139,0.08927604,2.207434,-0.5338861,1.889013,19.51524,21.40425,
#LeftUpLegCube,0.003705263,0.7090614,0.7228825,0,1.714564,0,task1Objects_barril4,-0.05135536,0.2245206,1.028092,0,270,0,0.05506063,0.4845408,-0.3052094,-0.07633787,-0.8583732,0.0244955,0.07927604,1.567435,0.6961139,0.08927604,2.207434,-0.5338861,1.891418,19.51524,21.40665,
#spineCube,0.07970291,1.202057,0.7103744,0,1.714564,0,task1Objects_barril4,-0.05135536,0.2245206,1.028092,0,270,0,0.1310583,0.9775365,-0.3177176,3.72529E-09,-0.3653774,0.01426683,0.07927604,1.567435,0.6961139,0.08927604,2.207434,-0.5338861,1.893642,19.51524,21.40888,
#RightLegCube,0.1515231,0.2997614,0.1818469,0,1.714564,0,obstacle2_bar,0.7293072,0.240933,0.8170133,0,135,0,-0.5777841,0.05882844,-0.6351663,0.08233789,-1.267673,-0.001804168,0.06927605,1.567435,0.1861139,0.06927604,2.207434,-1.133886,0.08928871,27.74208,27.83137,
#RightLegCube,0.1515231,0.2997614,0.1818469,0,1.714564,0,obstacle2_support,0.2081652,0.1887213,0.2958713,0,135,0,-0.05664209,0.1110401,-0.1140243,0.08233789,-1.267673,-0.001804168,0.06927605,1.567435,0.1861139,0.06927604,2.207434,-1.133886,0.06298637,27.76954,27.83252,
#RightFootSphere,0.152301,0.09676134,0.2078353,0,1.714564,0,obstacle2_support,0.2081652,0.1887213,0.2958713,0,135,0,-0.05586417,-0.09195996,-0.08803594,0.08233787,-1.470673,0.02419584,0.06927605,1.567435,0.1861139,0.06927604,2.207434,-1.133886,0.06580162,27.76954,27.83534,
#RightLegSphere,0.13231,0.5050613,-0.4218652,0,1.714564,0,prop_fan_prop_fan_005,-0.03201675,0.1740001,-0.02502584,0,0,0,0.1643267,0.3310612,-0.3968393,0.08233787,-1.062373,0.02449547,0.04927604,1.567435,-0.4438861,0.04927604,2.207434,-1.733886,0.200861,27.83816,28.03902,
#LeftLegSphere,-0.0232961,0.5050613,-0.4172073,0,1.714564,0,prop_fan_prop_fan_005,-0.03201675,0.1740001,-0.02502584,0,0,0,0.008720651,0.3310612,-0.3921815,-0.0733379,-1.062373,0.02449547,0.04927604,1.567435,-0.4438861,0.04927604,2.207434,-1.733886,0.2035732,27.83816,28.04173,
#RightLegCube,0.1315231,0.2997614,-0.448153,0,1.714564,0,prop_fan_prop_fan_005,-0.03201675,0.1740001,-0.02502584,0,0,0,0.1635398,0.1257614,-0.4231272,0.08233787,-1.267673,-0.001804183,0.04927604,1.567435,-0.4438861,0.04927604,2.207434,-1.733886,0.2129765,27.83816,28.05114,
#LeftLegCube,-0.02908076,0.2997614,-0.4433456,0,1.714564,0,prop_fan_prop_fan_005,-0.03201675,0.1740001,-0.02502584,0,0,0,0.002935998,0.1257614,-0.4183197,-0.07833789,-1.267673,-0.001804183,0.04927604,1.567435,-0.4438861,0.04927604,2.207434,-1.733886,0.2184601,27.83816,28.05662,
#LeftLegSphere,-0.0032961,0.5050613,0.3027927,0,1.714564,0,prop_fan_prop_fan_005,-0.03201675,0.1740001,-0.02502584,0,0,0,0.02872065,0.3310612,0.3278185,-0.0733379,-1.062373,0.02449547,0.06927605,1.567435,0.2761139,0.06927604,2.207434,-1.163886,0.2070255,29.91936,30.12638,
#RightLegSphere,0.15231,0.5050613,0.2981348,0,1.714564,0,prop_fan_prop_fan_005,-0.03201675,0.1740001,-0.02502584,0,0,0,0.1843267,0.3310612,0.3231607,0.08233787,-1.062373,0.02449547,0.06927605,1.567435,0.2761139,0.06927604,2.207434,-1.163886,0.2122307,29.91936,30.13159,
#RightFootSphere,0.152301,0.09676134,0.3578354,0,1.714564,0,obstacle2_support,0.2081652,0.1887213,0.2958713,0,135,0,-0.05586417,-0.09195996,0.06196409,0.08233787,-1.470673,0.02419586,0.06927605,1.567435,0.3361139,0.06927604,2.207434,-1.123886,0.01793861,30.13367,30.15161,
#LeftLegCube,-0.009080753,0.2997614,0.3666544,0,1.714564,0,prop_fan_prop_fan_005,-0.03201675,0.1740001,-0.02502584,0,0,0,0.022936,0.1257614,0.3916802,-0.07833789,-1.267673,-0.001804183,0.06927605,1.567435,0.3661139,0.06927604,2.207434,-1.063886,0.2496681,29.91936,30.16903,
#RightLegCube,0.1515231,0.2997614,0.3618469,0,1.714564,0,prop_fan_prop_fan_005,-0.03201675,0.1740001,-0.02502584,0,0,0,0.1835398,0.1257614,0.3868728,0.08233789,-1.267673,-0.001804183,0.06927605,1.567435,0.3661139,0.06927604,2.207434,-1.063886,0.251976,29.91936,30.17133,
#RightLegCube,0.1615231,0.2997614,0.4318469,0,1.714564,0,obstacle2_support,0.2081652,0.1887213,0.2958713,0,135,0,-0.04664209,0.1110401,0.1359757,0.08233787,-1.267673,-0.001804183,0.07927604,1.567435,0.4361139,0.06927604,2.207434,-1.033886,0.06633377,30.13367,30.2,
#RightLegCube,0.1615231,0.2997614,0.4318469,0,1.714564,0,obstacle2_bar,0.7293072,0.240933,0.8170133,0,135,0,-0.5677841,0.05882844,-0.3851663,0.08233787,-1.267673,-0.001804183,0.07927604,1.567435,0.4361139,0.06927604,2.207434,-1.033886,0.1233444,30.09296,30.21631,
#RightFootSphere,0.152301,0.09676134,0.2578353,0,1.714564,0,obstacle2_support,0.2081652,0.1887213,0.2958713,0,135,0,-0.05586417,-0.09195996,-0.03803593,0.08233787,-1.470673,0.02419586,0.06927605,1.567435,0.2361139,0.06927604,2.207434,-1.143886,0.01982117,32.89914,32.91896,
#RightLegCube,0.1515231,0.2997614,0.09184694,0,1.714564,0,obstacle2_bar,0.7293072,0.240933,0.8170133,0,135,0,-0.5777841,0.05882844,-0.7251663,0.08233789,-1.267673,-0.001804176,0.06927605,1.567435,0.09611389,0.06927604,2.207434,-1.163886,0.08489227,32.86597,32.95086,
#RightLegCube,0.1515231,0.2997614,0.09184694,0,1.714564,0,obstacle2_support,0.2081652,0.1887213,0.2958713,0,135,0,-0.05664209,0.1110401,-0.2040243,0.08233789,-1.267673,-0.001804176,0.06927605,1.567435,0.09611389,0.06927604,2.207434,-1.163886,0.05426788,32.89914,32.95341,
#RightLegSphere,0.13231,0.5050613,-0.4318652,0,1.714564,0,prop_fan_prop_fan_005,-0.03201675,0.1740001,-0.02502584,0,0,0,0.1643267,0.3310612,-0.4068393,0.08233787,-1.062373,0.02449547,0.04927604,1.567435,-0.4538861,0.05927604,2.207434,-1.543886,0.144104,32.92005,33.06415,
#LeftLegSphere,-0.0232961,0.5050613,-0.4272073,0,1.714564,0,prop_fan_prop_fan_005,-0.03201675,0.1740001,-0.02502584,0,0,0,0.008720651,0.3310612,-0.4021815,-0.0733379,-1.062373,0.02449547,0.04927604,1.567435,-0.4538861,0.05927604,2.207434,-1.543886,0.1551781,32.92005,33.07523,
#RightLegCube,0.1315231,0.2997614,-0.4581531,0,1.714564,0,prop_fan_prop_fan_005,-0.03201675,0.1740001,-0.02502584,0,0,0,0.1635398,0.1257614,-0.4331272,0.08233787,-1.267673,-0.001804183,0.04927604,1.567435,-0.4538861,0.05927604,2.207434,-1.543886,0.1674919,32.92005,33.08754,
#LeftLegCube,-0.02908076,0.2997614,-0.4533456,0,1.714564,0,prop_fan_prop_fan_005,-0.03201675,0.1740001,-0.02502584,0,0,0,0.002935998,0.1257614,-0.4283198,-0.07833789,-1.267673,-0.001804183,0.04927604,1.567435,-0.4538861,0.05927604,2.207434,-1.543886,0.1780548,32.92005,33.0981,
