#LeftUpLegSphere,0.02670391,0.9210613,1.212793,0,1.714564,0,task1Objects_barril4,-0.05135536,0.2245206,1.028092,0,270,0,0.07805927,0.6965407,0.1847008,-0.07333788,-0.6463733,0.0244955,0.09927604,1.567435,1.186114,0.08927604,2.207434,-0.3638861,0.1975727,11.7178,11.91537,
#LeftLegSphere,0.02670389,0.5050613,1.212793,0,1.714564,0,task1Objects_barril4,-0.05135536,0.2245206,1.028092,0,270,0,0.07805926,0.2805406,0.1847008,-0.0733379,-1.062373,0.0244955,0.09927604,1.567435,1.186114,0.08927604,2.207434,-0.3638861,0.2032156,11.7178,11.92101,
#LeftUpLegCube,0.02370526,0.7090614,1.212883,0,1.714564,0,task1Objects_barril4,-0.05135536,0.2245206,1.028092,0,270,0,0.07506062,0.4845408,0.1847906,-0.07633787,-0.8583732,0.0244955,0.09927604,1.567435,1.186114,0.08927604,2.207434,-0.3638861,0.2159691,11.7178,11.93376,
#LeftLegCube,0.02091924,0.2997614,1.236654,0,1.714564,0,task1Objects_barril4,-0.05135536,0.2245206,1.028092,0,270,0,0.0722746,0.07524079,0.2085625,-0.07833789,-1.267673,-0.001804183,0.09927604,1.567435,1.236114,0.09927604,2.207434,-0.213886,0.3285208,11.7178,12.04632,
#spineCube,0.09970291,1.202057,1.250374,0,1.714564,0,task1Objects_barril4,-0.05135536,0.2245206,1.028092,0,270,0,0.1510583,0.9775365,0.2222824,3.72529E-09,-0.3653774,0.01426683,0.09927604,1.567435,1.236114,0.09927604,2.207434,-0.213886,0.3314991,11.7178,12.04929,
#LeftLegSphere,0.006703898,0.5050613,0.7427927,0,1.714564,0,task1Objects_barril4,-0.05135536,0.2245206,1.028092,0,270,0,0.05805926,0.2805406,-0.2852992,-0.0733379,-1.062373,0.02449544,0.07927604,1.567435,0.7161139,0.08927604,2.207434,-0.453886,0.08168602,13.00589,13.08758,
#LeftUpLegSphere,0.006703913,0.9210613,0.7427927,0,1.714564,0,task1Objects_barril4,-0.05135536,0.2245206,1.028092,0,270,0,0.05805928,0.6965407,-0.2852992,-0.07333788,-0.6463733,0.0244955,0.07927604,1.567435,0.7161139,0.08927604,2.207434,-0.453886,0.08777332,13.00589,13.09367,
#LeftLegCube,0.0009192452,0.2997614,0.7166544,0,1.714564,0,task1Objects_barril4,-0.05135536,0.2245206,1.028092,0,270,0,0.05227461,0.07524079,-0.3114375,-0.07833789,-1.267673,-0.001804183,0.07927604,1.567435,0.7161139,0.08927604,2.207434,-0.453886,0.09561539,13.00589,13.10151,
#LeftUpLegCube,0.003705263,0.7090614,0.7428825,0,1.714564,0,task1Objects_barril4,-0.05135536,0.2245206,1.028092,0,270,0,0.05506063,0.4845408,-0.2852094,-0.07633787,-0.8583732,0.0244955,0.07927604,1.567435,0.7161139,0.08927604,2.207434,-0.453886,0.1024151,13.00589,13.10831,
#spineCube,0.07970291,1.202057,0.7303743,0,1.714564,0,task1Objects_barril4,-0.05135536,0.2245206,1.028092,0,270,0,0.1310583,0.9775365,-0.2977176,3.72529E-09,-0.3653774,0.01426683,0.07927604,1.567435,0.7161139,0.08927604,2.207434,-0.453886,0.1069965,13.00589,13.11289,
