#LeftLegSphere,0.02670389,0.5050613,1.162793,0,1.714564,0,task1Objects_barril4,-0.05135536,0.2245206,1.028092,0,270,0,0.07805926,0.2805406,0.1347008,-0.0733379,-1.062373,0.0244955,0.09927604,1.567435,1.136114,0.08927604,2.207434,-0.323886,0.7332306,13.30056,14.03379,
#LeftUpLegSphere,0.02670391,0.9210613,1.162793,0,1.714564,0,task1Objects_barril4,-0.05135536,0.2245206,1.028092,0,270,0,0.07805927,0.6965407,0.1347008,-0.07333788,-0.6463733,0.0244955,0.09927604,1.567435,1.136114,0.08927604,2.207434,-0.323886,0.7372894,13.30056,14.03785,
#LeftUpLegCube,0.02370526,0.7090614,1.242882,0,1.714564,0,task1Objects_barril4,-0.05135536,0.2245206,1.028092,0,270,0,0.07506062,0.4845408,0.2147906,-0.07633787,-0.8583732,0.0244955,0.09927604,1.567435,1.216114,0.09927604,2.207434,-0.2638861,0.7630596,13.30056,14.06362,
#LeftLegCube,0.02091924,0.2997614,1.216654,0,1.714564,0,task1Objects_barril4,-0.05135536,0.2245206,1.028092,0,270,0,0.0722746,0.07524079,0.1885625,-0.07833789,-1.267673,-0.001804183,0.09927604,1.567435,1.216114,0.09927604,2.207434,-0.2638861,0.775301,13.30056,14.07586,
#spineCube,0.09970291,1.202057,1.250374,0,1.714564,0,task1Objects_barril4,-0.05135536,0.2245206,1.028092,0,270,0,0.1510583,0.9775365,0.2222824,3.72529E-09,-0.3653774,0.01426683,0.09927604,1.567435,1.236114,0.09927604,2.207434,-0.1838861,0.8659163,13.30056,14.16648,
#LeftLegSphere,0.0167039,0.5050613,0.8027927,0,1.714564,0,task1Objects_barril4,-0.05135536,0.2245206,1.028092,0,270,0,0.06805926,0.2805406,-0.2252992,-0.0733379,-1.062373,0.02449544,0.08927605,1.567435,0.7761139,0.08927604,2.207434,-0.4938861,0.01891422,15.50178,15.52069,
#LeftUpLegSphere,0.01670391,0.9210613,0.8027927,0,1.714564,0,task1Objects_barril4,-0.05135536,0.2245206,1.028092,0,270,0,0.06805927,0.6965407,-0.2252992,-0.07333788,-0.6463733,0.0244955,0.08927605,1.567435,0.7761139,0.08927604,2.207434,-0.4938861,0.02512836,15.50178,15.5269,
#LeftLegCube,0.01091924,0.2997614,0.7766544,0,1.714564,0,task1Objects_barril4,-0.05135536,0.2245206,1.028092,0,270,0,0.06227461,0.07524079,-0.2514375,-0.07833789,-1.267673,-0.001804183,0.08927605,1.567435,0.7761139,0.08927604,2.207434,-0.4938861,0.0279417,15.50178,15.52972,
#LeftUpLegCube,0.01370526,0.7090614,0.8028825,0,1.714564,0,task1Objects_barril4,-0.05135536,0.2245206,1.028092,0,270,0,0.06506062,0.4845408,-0.2252094,-0.07633787,-0.8583732,0.0244955,0.08927605,1.567435,0.7761139,0.08927604,2.207434,-0.4938861,0.03098965,15.50178,15.53277,
#spineCube,0.0897029,1.202057,0.7903743,0,1.714564,0,task1Objects_barril4,-0.05135536,0.2245206,1.028092,0,270,0,0.1410583,0.9775365,-0.2377176,-3.72529E-09,-0.3653774,0.01426683,0.08927605,1.567435,0.7761139,0.08927604,2.207434,-0.4938861,0.03348064,15.50178,15.53526,
#RightLegSphere,0.15231,0.5050613,0.3181348,0,1.714564,0,prop_fan_prop_fan_005,-0.03201675,0.1740001,-0.02502584,0,0,0,0.1843267,0.3310612,0.3431607,0.08233787,-1.062373,0.02449547,0.06927605,1.567435,0.2961139,0.06927604,2.207434,-1.153886,0.4289265,17.80035,18.22928,
#LeftLegSphere,-0.0032961,0.5050613,0.3227927,0,1.714564,0,prop_fan_prop_fan_005,-0.03201675,0.1740001,-0.02502584,0,0,0,0.02872065,0.3310612,0.3478185,-0.0733379,-1.062373,0.02449547,0.06927605,1.567435,0.2961139,0.06927604,2.207434,-1.153886,0.4302368,17.80035,18.23059,
#RightFootSphere,0.152301,0.09676134,0.3478353,0,1.714564,0,obstacle2_support,0.2081652,0.1887213,0.2958713,0,135,0,-0.05586417,-0.09195996,0.05196407,0.08233787,-1.470673,0.02419586,0.06927605,1.567435,0.3261139,0.06927604,2.207434,-1.103886,0.01873589,18.23056,18.24929,
#LeftLegCube,-0.009080753,0.2997614,0.3866544,0,1.714564,0,prop_fan_prop_fan_005,-0.03201675,0.1740001,-0.02502584,0,0,0,0.022936,0.1257614,0.4116803,-0.07833789,-1.267673,-0.001804183,0.06927605,1.567435,0.3861139,0.06927604,2.207434,-1.073886,0.475853,17.80035,18.27621,
#RightLegCube,0.1515231,0.2997614,0.3818469,0,1.714564,0,prop_fan_prop_fan_005,-0.03201675,0.1740001,-0.02502584,0,0,0,0.1835398,0.1257614,0.4068728,0.08233789,-1.267673,-0.001804183,0.06927605,1.567435,0.3861139,0.06927604,2.207434,-1.073886,0.4781055,17.80035,18.27846,
#RightLegCube,0.1615231,0.2997614,0.4818469,0,1.714564,0,obstacle2_support,0.2081652,0.1887213,0.2958713,0,135,0,-0.04664209,0.1110401,0.1859757,0.08233787,-1.267673,-0.001804183,0.07927604,1.567435,0.4861139,0.06927604,2.207434,-1.013886,0.08922577,18.23056,18.31978,
#RightLegCube,0.1615231,0.2997614,0.4818469,0,1.714564,0,obstacle2_bar,0.7293072,0.240933,0.8170133,0,135,0,-0.5677841,0.05882844,-0.3351663,0.08233787,-1.267673,-0.001804183,0.07927604,1.567435,0.4861139,0.06927604,2.207434,-1.013886,0.1107178,18.21212,18.32283,
#RightLegCube,0.1515231,0.2997614,0.1818469,0,1.714564,0,obstacle2_bar,0.7293072,0.240933,0.8170133,0,135,0,-0.5777841,0.05882844,-0.6351663,0.08233789,-1.267673,-0.001804168,0.06927605,1.567435,0.1861139,0.06927604,2.207434,-1.073886,0.04809189,20.0315,20.07959,
#RightLegCube,0.1515231,0.2997614,0.1818469,0,1.714564,0,obstacle2_support,0.2081652,0.1887213,0.2958713,0,135,0,-0.05664209,0.1110401,-0.1140243,0.08233789,-1.267673,-0.001804168,0.06927605,1.567435,0.1861139,0.06927604,2.207434,-1.073886,0.05083847,20.03071,20.08155,
#RightLegSphere,0.13231,0.5050613,-0.5218652,0,1.714564,0,prop_fan_prop_fan_005,-0.03201675,0.1740001,-0.02502584,0,0,0,0.1643267,0.3310612,-0.4968393,0.08233787,-1.062373,0.02449545,0.04927604,1.567435,-0.5438861,0.04927604,2.207434,-1.693886,0.1113472,20.08347,20.19482,
#LeftLegSphere,-0.0232961,0.5050613,-0.5172073,0,1.714564,0,prop_fan_prop_fan_005,-0.03201675,0.1740001,-0.02502584,0,0,0,0.008720651,0.3310612,-0.4921815,-0.0733379,-1.062373,0.02449544,0.04927604,1.567435,-0.5438861,0.04927604,2.207434,-1.693886,0.1143036,20.08347,20.19777,
#RightLegCube,0.1315231,0.2997614,-0.548153,0,1.714564,0,prop_fan_prop_fan_005,-0.03201675,0.1740001,-0.02502584,0,0,0,0.1635398,0.1257614,-0.5231272,0.08233787,-1.267673,-0.001804183,0.04927604,1.567435,-0.5438861,0.04927604,2.207434,-1.693886,0.1162872,20.08347,20.19976,
#LeftLegCube,-0.02908076,0.2997614,-0.5433456,0,1.714564,0,prop_fan_prop_fan_005,-0.03201675,0.1740001,-0.02502584,0,0,0,0.002935998,0.1257614,-0.5183197,-0.07833789,-1.267673,-0.001804183,0.04927604,1.567435,-0.5438861,0.04927604,2.207434,-1.693886,0.1187057,20.08347,20.20218,
