#support,1.403448,0.1887213,-1.404811,0,225,0,obstacle1_bar,0.8370028,0.240933,-0.838366,0,225,0,0.5664449,-0.05221167,-0.5664454,2.757126,-1.677714,-1.172789,-1.353678,1.866435,-0.2320217,-1.353678,2.506435,-1.632021,0.0601635,2.737726,2.79789,
#bar,0.8370028,0.240933,-0.838366,0,225,0,obstacle1_support,1.403448,0.1887213,-1.404811,0,225,0,-0.5664449,0.05221167,0.5664454,2.190681,-1.625502,-0.606344,-1.353678,1.866435,-0.2320217,-1.353678,2.506435,-1.632021,0.08699775,2.737724,2.824722,
#support,0.2705584,0.1887213,-0.2719197,0,225,0,obstacle1_bar,0.8370028,0.240933,-0.838366,0,225,0,-0.5664444,-0.05221167,0.5664463,1.624236,-1.677714,-0.03989771,-1.353678,1.866435,-0.2320217,-1.353678,2.506435,-1.632021,0.09008551,2.737726,2.827812,
#bar,0.8370028,0.240933,-0.838366,0,225,0,obstacle1_support,0.2705584,0.1887213,-0.2719197,0,225,0,0.5664444,0.05221167,-0.5664463,2.190681,-1.625502,-0.606344,-1.353678,1.866435,-0.2320217,-1.353678,2.506435,-1.632021,0.0928688,2.737731,2.8306,
#support,-0.356061,0.1887213,-0.2683549,0,135,0,obstacle3_bar,-0.8771935,0.240933,-0.7894874,0,135,0,0.5211325,-0.05221167,0.5211325,0.9976171,-1.677714,-0.03633288,-1.353678,1.866435,-0.2320217,-1.353678,2.506435,-1.632021,0.09618402,2.73777,2.833954,
#bar,-0.8771935,0.240933,-0.7894874,0,135,0,obstacle3_support,-0.356061,0.1887213,-0.2683549,0,135,0,-0.5211325,0.05221167,-0.5211325,0.4764847,-1.625502,-0.5574653,-1.353678,1.866435,-0.2320217,-1.353678,2.506435,-1.632021,0.102663,2.737758,2.840421,
#support,-1.398328,0.1887213,-1.310622,0,135,0,obstacle3_bar,-0.8771935,0.240933,-0.7894874,0,135,0,-0.5211344,-0.05221167,-0.5211344,-0.04464971,-1.677714,-1.0786,-1.353678,1.866435,-0.2320217,-1.353678,2.506435,-1.632021,0.1050515,2.73777,2.842821,
#bar,-0.8771935,0.240933,-0.7894874,0,135,0,obstacle3_support,-1.398328,0.1887213,-1.310622,0,135,0,0.5211344,0.05221167,0.5211344,0.4764847,-1.625502,-0.5574653,-1.353678,1.866435,-0.2320217,-1.353678,2.506435,-1.632021,0.1088541,2.737773,2.846627,
#support,1.250449,0.1887213,1.338154,0,135,0,obstacle3 (1)_bar,0.7293072,0.240933,0.8170133,0,135,0,0.521142,-0.05221167,0.5211411,2.604127,-1.677713,1.570176,-1.353678,1.866435,-0.2320217,-1.353678,2.506435,-1.632021,0.1112132,2.737748,2.848961,
#bar,0.7293072,0.240933,0.8170133,0,135,0,obstacle3 (1)_support,1.250449,0.1887213,1.338154,0,135,0,-0.521142,0.05221167,-0.5211411,2.082985,-1.625502,1.049035,-1.353678,1.866435,-0.2320217,-1.353678,2.506435,-1.632021,0.1147847,2.737745,2.85253,
#support,0.2081652,0.1887213,0.2958713,0,135,0,obstacle3 (1)_bar,0.7293072,0.240933,0.8170133,0,135,0,-0.521142,-0.05221167,-0.521142,1.561843,-1.677714,0.5278933,-1.353678,1.866435,-0.2320217,-1.353678,2.506435,-1.632021,0.1199622,2.737748,2.85771,
#bar,0.7293072,0.240933,0.8170133,0,135,0,obstacle3 (1)_support,0.2081652,0.1887213,0.2958713,0,135,0,0.521142,0.05221167,0.521142,2.082985,-1.625502,1.049035,-1.353678,1.866435,-0.2320217,-1.353678,2.506435,-1.632021,0.1237905,2.737751,2.861542,
#support,-0.2865696,0.1887213,0.2844853,0,225,0,obstacle1 (1)_bar,-0.8530178,0.240933,0.8509336,0,225,0,0.5664482,-0.05221167,-0.5664482,1.067109,-1.677714,0.5165074,-1.353678,1.866435,-0.2320217,-1.353678,2.506435,-1.632021,0.1267822,2.737761,2.864543,
#bar,-0.8530178,0.240933,0.8509336,0,225,0,obstacle1 (1)_support,-0.2865696,0.1887213,0.2844853,0,225,0,-0.5664482,0.05221167,0.5664482,0.5006603,-1.625502,1.082955,-1.353678,1.866435,-0.2320217,-1.353678,2.506435,-1.632021,0.1293023,2.737767,2.867069,
#support,-1.419465,0.1887213,1.417381,0,225,0,obstacle1 (1)_bar,-0.8530178,0.240933,0.8509336,0,225,0,-0.5664473,-0.05221167,0.5664473,-0.06578695,-1.677713,1.649403,-1.353678,1.866435,-0.2320217,-1.353678,2.506435,-1.632021,0.1323943,2.737761,2.870155,
#bar,-0.8530178,0.240933,0.8509336,0,225,0,obstacle1 (1)_support,-1.419465,0.1887213,1.417381,0,225,0,0.5664473,0.05221167,-0.5664473,0.5006603,-1.625502,1.082955,-1.353678,1.866435,-0.2320217,-1.353678,2.506435,-1.632021,0.1355398,2.737712,2.873252,
