#bar,0.6849546,1.513743,-0.9940381,0,40,0,tunelzinho1_support,1.076999,0.8645127,-1.323002,0,40,0,-0.3920441,0.6492299,0.3289642,2.038633,-0.3526923,-0.7620163,-1.353678,1.866435,-0.2320217,-1.353678,2.506435,-1.632021,0.01274705,2.136014,2.148761,
#support,1.076999,0.8645127,-1.323002,0,40,0,tunelzinho1_bar,0.6849546,1.513743,-0.9940381,0,40,0,0.3920441,-0.6492299,-0.3289642,2.430677,-1.001922,-1.09098,-1.353678,1.866435,-0.2320217,-1.353678,2.506435,-1.632021,0.0178647,2.13602,2.153885,
#bar,0.6849546,1.513743,-0.9940381,0,40,0,tunelzinho1_support (1),0.2929096,0.8645127,-0.6650748,0,40,0,0.392045,0.6492299,-0.3289633,2.038633,-0.3526923,-0.7620163,-1.353678,1.866435,-0.2320217,-1.353678,2.506435,-1.632021,0.0197072,2.13602,2.155727,
#support (1),0.2929096,0.8645127,-0.6650748,0,40,0,tunelzinho1_bar,0.6849546,1.513743,-0.9940381,0,40,0,-0.392045,-0.6492299,0.3289633,1.646588,-1.001922,-0.4330529,-1.353678,1.866435,-0.2320217,-1.353678,2.506435,-1.632021,0.0216217,2.13602,2.157642,
#support,1.254999,0.8645127,-1.036001,0,30.00001,0,tunelzinho2_bar,0.8117867,1.513743,-0.7801127,0,30.00001,0,0.4432125,-0.6492299,-0.255888,2.608677,-1.001922,-0.8039788,-1.353678,1.866435,-0.2320217,-1.353678,2.506435,-1.632021,0.02455711,2.136003,2.16056,
#bar,0.8117867,1.513743,-0.7801127,0,30.00001,0,tunelzinho2_support,1.254999,0.8645127,-1.036001,0,30.00001,0,-0.4432125,0.6492299,0.255888,2.165465,-0.3526922,-0.5480909,-1.353678,1.866435,-0.2320217,-1.353678,2.506435,-1.632021,0.0264678,2.136,2.162467,
#support (1),0.3685741,0.8645127,-0.5242248,0,30.00001,0,tunelzinho2_bar,0.8117867,1.513743,-0.7801127,0,30.00001,0,-0.4432125,-0.6492299,0.255888,1.722252,-1.001922,-0.2922029,-1.353678,1.866435,-0.2320217,-1.353678,2.506435,-1.632021,0.02841592,2.136003,2.164419,
#bar,0.8117867,1.513743,-0.7801127,0,30.00001,0,tunelzinho2_support (1),0.3685741,0.8645127,-0.5242248,0,30.00001,0,0.4432125,0.6492299,-0.255888,2.165465,-0.3526922,-0.5480909,-1.353678,1.866435,-0.2320217,-1.353678,2.506435,-1.632021,0.03010774,2.136006,2.166113,
#bar,0.8830853,1.513743,-0.5469642,0,20,0,tunelzinho3_support,1.363999,0.8645127,-0.7220006,0,20,0,-0.4809141,0.6492299,0.1750364,2.236763,-0.3526922,-0.3149424,-1.353678,1.866435,-0.2320217,-1.353678,2.506435,-1.632021,0.03192019,2.13598,2.1679,
#support,1.363999,0.8645127,-0.7220006,0,20,0,tunelzinho3_bar,0.8830853,1.513743,-0.5469642,0,20,0,0.4809141,-0.6492299,-0.1750364,2.717677,-1.001922,-0.4899787,-1.353678,1.866435,-0.2320217,-1.353678,2.506435,-1.632021,0.03373432,2.135992,2.169726,
#bar,0.8830853,1.513743,-0.5469642,0,20,0,tunelzinho3_support (1),0.4021721,0.8645127,-0.3719249,0,20,0,0.4809132,0.6492299,-0.1750393,2.236763,-0.3526922,-0.3149424,-1.353678,1.866435,-0.2320217,-1.353678,2.506435,-1.632021,0.03569126,2.135991,2.171682,
#support (1),0.4021721,0.8645127,-0.3719249,0,20,0,tunelzinho3_bar,0.8830853,1.513743,-0.5469642,0,20,0,-0.4809132,-0.6492299,0.1750393,1.75585,-1.001922,-0.139903,-1.353678,1.866435,-0.2320217,-1.353678,2.506435,-1.632021,0.03768206,2.135992,2.173674,
#support,1.413999,0.8645127,-0.3950019,0,10,0,tunelzinho4_bar,0.909996,1.513743,-0.3061328,0,10,0,0.504003,-0.6492299,-0.08886909,2.767677,-1.001922,-0.16298,-1.353678,1.866435,-0.2320217,-1.353678,2.506435,-1.632021,0.04369307,2.135986,2.179679,
#bar,0.909996,1.513743,-0.3061328,0,10,0,tunelzinho4_support,1.413999,0.8645127,-0.3950019,0,10,0,-0.504003,0.6492299,0.08886909,2.263674,-0.3526922,-0.07411099,-1.353678,1.866435,-0.2320217,-1.353678,2.506435,-1.632021,0.04604936,2.135979,2.182028,
#support (1),0.4059944,0.8645127,-0.2172618,0,10,0,tunelzinho4_bar,0.909996,1.513743,-0.3061328,0,10,0,-0.5040016,-0.6492299,0.088871,1.759673,-1.001922,0.01476011,-1.353678,1.866435,-0.2320217,-1.353678,2.506435,-1.632021,0.04802465,2.135986,2.184011,
#bar,0.909996,1.513743,-0.3061328,0,10,0,tunelzinho4_support (1),0.4059944,0.8645127,-0.2172618,0,10,0,0.5040016,0.6492299,-0.088871,2.263674,-0.3526922,-0.07411099,-1.353678,1.866435,-0.2320217,-1.353678,2.506435,-1.632021,0.0500958,2.135988,2.186083,
#support,1.423999,0.8645127,-0.04400206,0,0,0,tunelzinho5_bar,0.9122219,1.513743,-0.04400206,0,0,0,0.5117774,-0.6492299,0,2.777677,-1.001922,0.1880199,-1.353678,1.866435,-0.2320217,-1.353678,2.506435,-1.632021,0.05238008,2.135988,2.188368,
#bar,0.9122219,1.513743,-0.04400206,0,0,0,tunelzinho5_support,1.423999,0.8645127,-0.04400206,0,0,0,-0.5117774,0.6492299,0,2.2659,-0.3526921,0.1880198,-1.353678,1.866435,-0.2320217,-1.353678,2.506435,-1.632021,0.05434704,2.135976,2.190323,
#support (1),0.4004431,0.8645127,-0.0440011,0,0,0,tunelzinho5_bar,0.9122219,1.513743,-0.04400206,0,0,0,-0.5117788,-0.6492299,9.536743E-07,1.754121,-1.001922,0.1880208,-1.353678,1.866435,-0.2320217,-1.353678,2.506435,-1.632021,0.05747843,2.135988,2.193467,
#bar,0.9122219,1.513743,-0.04400206,0,0,0,tunelzinho5_support (1),0.4004431,0.8645127,-0.0440011,0,0,0,0.5117788,0.6492299,-9.536743E-07,2.2659,-0.3526921,0.1880198,-1.353678,1.866435,-0.2320217,-1.353678,2.506435,-1.632021,0.06038308,2.13599,2.196373,
#bar,0.9219971,1.513743,0.2021298,0,350,0,tunelzinho6_support,1.425999,0.8645127,0.2909985,0,350,0,-0.5040021,0.6492299,-0.08886862,2.275675,-0.3526921,0.4341516,-1.353678,1.866435,-0.2320217,-1.353678,2.506435,-1.632021,0.06238604,2.13597,2.198356,
#support,1.425999,0.8645127,0.2909985,0,350,0,tunelzinho6_bar,0.9219971,1.513743,0.2021298,0,350,0,0.5040021,-0.6492299,0.08886862,2.779677,-1.001922,0.5230204,-1.353678,1.866435,-0.2320217,-1.353678,2.506435,-1.632021,0.06442571,2.135983,2.200409,
#support (1),0.4179935,0.8645127,0.1132607,0,350,0,tunelzinho6_bar,0.9219971,1.513743,0.2021298,0,350,0,-0.5040035,-0.6492299,-0.08886909,1.771672,-1.001922,0.3452826,-1.353678,1.866435,-0.2320217,-1.353678,2.506435,-1.632021,0.06707788,2.135983,2.203061,
#bar,0.9219971,1.513743,0.2021298,0,350,0,tunelzinho6_support (1),0.4179935,0.8645127,0.1132607,0,350,0,0.5040035,0.6492299,0.08886909,2.275675,-0.3526921,0.4341516,-1.353678,1.866435,-0.2320217,-1.353678,2.506435,-1.632021,0.0695951,2.135985,2.20558,
#support,1.335999,0.8645127,0.6069989,0,340,0,tunelzinho7_bar,0.8550854,1.513743,0.4319596,0,340,0,0.4809141,-0.6492299,0.1750393,2.689677,-1.001922,0.8390208,-1.353678,1.866435,-0.2320217,-1.353678,2.506435,-1.632021,0.07214165,2.136001,2.208143,
#bar,0.8550854,1.513743,0.4319596,0,340,0,tunelzinho7_support,1.335999,0.8645127,0.6069989,0,340,0,-0.4809141,0.6492299,-0.1750393,2.208763,-0.3526921,0.6639814,-1.353678,1.866435,-0.2320217,-1.353678,2.506435,-1.632021,0.07436347,2.135996,2.21036,
#bar,0.8550854,1.513743,0.4319596,0,340,0,tunelzinho7_support (1),0.3741722,0.8645127,0.2569222,0,340,0,0.4809132,0.6492299,0.1750374,2.208763,-0.3526921,0.6639814,-1.353678,1.866435,-0.2320217,-1.353678,2.506435,-1.632021,0.07658362,2.136,2.212584,
#support (1),0.3741722,0.8645127,0.2569222,0,340,0,tunelzinho7_bar,0.8550854,1.513743,0.4319596,0,340,0,-0.4809132,-0.6492299,-0.1750374,1.72785,-1.001922,0.4889442,-1.353678,1.866435,-0.2320217,-1.353678,2.506435,-1.632021,0.07893467,2.136001,2.214936,
#support,1.225999,0.8645127,0.9209991,0,330,0,tunelzinho8_bar,0.7827864,1.513743,0.6651092,0,330,0,0.4432125,-0.6492299,0.2558899,2.579677,-1.001922,1.153021,-1.353678,1.866435,-0.2320217,-1.353678,2.506435,-1.632021,0.0810039,2.136011,2.217015,
#bar,0.7827864,1.513743,0.6651092,0,330,0,tunelzinho8_support,1.225999,0.8645127,0.9209991,0,330,0,-0.4432125,0.6492299,-0.2558899,2.136464,-0.352692,0.897131,-1.353678,1.866435,-0.2320217,-1.353678,2.506435,-1.632021,0.08315539,2.136009,2.219165,
#bar,0.7827864,1.513743,0.6651092,0,330,0,tunelzinho8_support (1),0.3395739,0.8645127,0.4092212,0,330,0,0.4432125,0.6492299,0.255888,2.136464,-0.352692,0.897131,-1.353678,1.866435,-0.2320217,-1.353678,2.506435,-1.632021,0.08629274,2.136011,2.222303,
#support (1),0.3395739,0.8645127,0.4092212,0,330,0,tunelzinho8_bar,0.7827864,1.513743,0.6651092,0,330,0,-0.4432125,-0.6492299,-0.255888,1.693252,-1.001922,0.6412431,-1.353678,1.866435,-0.2320217,-1.353678,2.506435,-1.632021,0.08907008,2.136011,2.225081,
#support,1.059999,0.8645127,1.193998,0,320,0,tunelzinho9_bar,0.6679544,1.513743,0.8650336,0,320,0,0.3920441,-0.6492299,0.3289642,2.413677,-1.001922,1.42602,-1.353678,1.866435,-0.2320217,-1.353678,2.506435,-1.632021,0.09135795,2.136023,2.227381,
#bar,0.6679544,1.513743,0.8650336,0,320,0,tunelzinho9_support,1.059999,0.8645127,1.193998,0,320,0,-0.3920441,0.6492299,-0.3289642,2.021632,-0.352692,1.097055,-1.353678,1.866435,-0.2320217,-1.353678,2.506435,-1.632021,0.09367394,2.136019,2.229693,
#bar,0.6679544,1.513743,0.8650336,0,320,0,tunelzinho9_support (1),0.2759094,0.8645127,0.5360703,0,320,0,0.392045,0.6492299,0.3289633,2.021632,-0.352692,1.097055,-1.353678,1.866435,-0.2320217,-1.353678,2.506435,-1.632021,0.09794426,2.136023,2.233967,
#support (1),0.2759094,0.8645127,0.5360703,0,320,0,tunelzinho9_bar,0.6679544,1.513743,0.8650336,0,320,0,-0.392045,-0.6492299,-0.3289633,1.629588,-1.001922,0.7680923,-1.353678,1.866435,-0.2320217,-1.353678,2.506435,-1.632021,0.1002917,2.136023,2.236315,
#support,-0.2830019,0.8645127,0.3989997,0,30.00001,0,tunelzinho11_bar,-0.7262144,1.513743,0.6548877,0,30.00001,0,0.4432125,-0.6492299,-0.255888,1.070676,-1.001922,0.6310216,-1.353678,1.866435,-0.2320217,-1.353678,2.506435,-1.632021,0.1029158,2.136048,2.238964,
#bar,-0.7262144,1.513743,0.6548877,0,30.00001,0,tunelzinho11_support,-0.2830019,0.8645127,0.3989997,0,30.00001,0,-0.4432125,0.6492299,0.255888,0.6274637,-0.352692,0.8869095,-1.353678,1.866435,-0.2320217,-1.353678,2.506435,-1.632021,0.1052485,2.136047,2.241296,
#support (1),-1.169427,0.8645127,0.9107757,0,30.00001,0,tunelzinho11_bar,-0.7262144,1.513743,0.6548877,0,30.00001,0,-0.4432125,-0.6492299,0.255888,0.1842512,-1.001922,1.142798,-1.353678,1.866435,-0.2320217,-1.353678,2.506435,-1.632021,0.1078026,2.136048,2.24385,
#bar,-0.7262144,1.513743,0.6548877,0,30.00001,0,tunelzinho11_support (1),-1.169427,0.8645127,0.9107757,0,30.00001,0,0.4432125,0.6492299,-0.255888,0.6274637,-0.352692,0.8869095,-1.353678,1.866435,-0.2320217,-1.353678,2.506435,-1.632021,0.1102843,2.13605,2.246334,
#support,-0.1960011,0.8645127,0.5309987,0,40,0,tunelzinho10_bar,-0.5880461,1.513743,0.859962,0,40,0,0.392045,-0.6492299,-0.3289633,1.157677,-1.001922,0.7630206,-1.353678,1.866435,-0.2320217,-1.353678,2.506435,-1.632021,0.1127145,2.136036,2.24875,
#bar,-0.5880461,1.513743,0.859962,0,40,0,tunelzinho10_support,-0.1960011,0.8645127,0.5309987,0,40,0,-0.392045,0.6492299,0.3289633,0.765632,-0.352692,1.091984,-1.353678,1.866435,-0.2320217,-1.353678,2.506435,-1.632021,0.1151657,2.136035,2.2512,
#support (1),-0.9800901,0.8645127,1.188928,0,40,0,tunelzinho10_bar,-0.5880461,1.513743,0.859962,0,40,0,-0.3920441,-0.6492299,0.3289661,0.373588,-1.001922,1.42095,-1.353678,1.866435,-0.2320217,-1.353678,2.506435,-1.632021,0.1179276,2.136036,2.253963,
#bar,-0.5880461,1.513743,0.859962,0,40,0,tunelzinho10_support (1),-0.9800901,0.8645127,1.188928,0,40,0,0.3920441,0.6492299,-0.3289661,0.765632,-0.352692,1.091984,-1.353678,1.866435,-0.2320217,-1.353678,2.506435,-1.632021,0.1204226,2.136038,2.25646,
#bar,-0.8079157,1.513743,0.4530368,0,20,0,tunelzinho12_support,-0.3270006,0.8645127,0.2779975,0,20,0,-0.4809151,0.6492299,0.1750393,0.5457624,-0.3526921,0.6850586,-1.353678,1.866435,-0.2320217,-1.353678,2.506435,-1.632021,0.1319866,2.136058,2.268044,
#support,-0.3270006,0.8645127,0.2779975,0,20,0,tunelzinho12_bar,-0.8079157,1.513743,0.4530368,0,20,0,0.4809151,-0.6492299,-0.1750393,1.026677,-1.001922,0.5100194,-1.353678,1.866435,-0.2320217,-1.353678,2.506435,-1.632021,0.1342893,2.136061,2.27035,
#bar,-0.8079157,1.513743,0.4530368,0,20,0,tunelzinho12_support (1),-1.288829,0.8645127,0.6280742,0,20,0,0.4809132,0.6492299,-0.1750374,0.5457624,-0.3526921,0.6850586,-1.353678,1.866435,-0.2320217,-1.353678,2.506435,-1.632021,0.1370745,2.136061,2.273135,
#support (1),-1.288829,0.8645127,0.6280742,0,20,0,tunelzinho12_bar,-0.8079157,1.513743,0.4530368,0,20,0,-0.4809132,-0.6492299,0.1750374,0.06484926,-1.001922,0.8600961,-1.353678,1.866435,-0.2320217,-1.353678,2.506435,-1.632021,0.1400685,2.136061,2.27613,
#bar,-0.833004,1.513743,0.1978688,0,10,0,tunelzinho13_support,-0.3290014,0.8645127,0.1089988,0,10,0,-0.5040026,0.6492299,0.08887005,0.5206741,-0.3526921,0.4298906,-1.353678,1.866435,-0.2320217,-1.353678,2.506435,-1.632021,0.1425488,2.136064,2.278613,
#support,-0.3290014,0.8645127,0.1089988,0,10,0,tunelzinho13_bar,-0.833004,1.513743,0.1978688,0,10,0,0.5040026,-0.6492299,-0.08887005,1.024677,-1.001922,0.3410207,-1.353678,1.866435,-0.2320217,-1.353678,2.506435,-1.632021,0.1448572,2.136073,2.28093,
#bar,-0.833004,1.513743,0.1978688,0,10,0,tunelzinho13_support (1),-1.337007,0.8645127,0.286737,0,10,0,0.5040026,0.6492299,-0.08886814,0.5206741,-0.3526921,0.4298906,-1.353678,1.866435,-0.2320217,-1.353678,2.506435,-1.632021,0.1475019,2.136073,2.283575,
#support (1),-1.337007,0.8645127,0.286737,0,10,0,tunelzinho13_bar,-0.833004,1.513743,0.1978688,0,10,0,-0.5040026,-0.6492299,0.08886814,0.01667155,-1.001922,0.5187589,-1.353678,1.866435,-0.2320217,-1.353678,2.506435,-1.632021,0.1499784,2.136073,2.286052,
#support,-0.3450012,0.8645127,-0.08000135,0,0,0,tunelzinho14_bar,-0.8567791,1.513743,-0.08000326,0,0,0,0.5117779,-0.6492299,1.907349E-06,1.008677,-1.001922,0.1520206,-1.353678,1.866435,-0.2320217,-1.353678,2.506435,-1.632021,0.1522362,2.13607,2.288306,
#bar,-0.8567791,1.513743,-0.08000326,0,0,0,tunelzinho14_support,-0.3450012,0.8645127,-0.08000135,0,0,0,-0.5117779,0.6492299,-1.907349E-06,0.496899,-0.3526921,0.1520185,-1.353678,1.866435,-0.2320217,-1.353678,2.506435,-1.632021,0.1545415,2.136072,2.290613,
#bar,-0.8567791,1.513743,-0.08000326,0,0,0,tunelzinho14_support (1),-1.368556,0.8645127,-0.08000231,0,0,0,0.5117769,0.6492299,-9.536743E-07,0.496899,-0.3526921,0.1520185,-1.353678,1.866435,-0.2320217,-1.353678,2.506435,-1.632021,0.1575546,2.135956,2.29351,
#support (1),-1.368556,0.8645127,-0.08000231,0,0,0,tunelzinho14_bar,-0.8567791,1.513743,-0.08000326,0,0,0,-0.5117769,-0.6492299,9.536743E-07,-0.01487791,-1.001922,0.1520196,-1.353678,1.866435,-0.2320217,-1.353678,2.506435,-1.632021,0.1603484,2.13607,2.296419,
#LeftFoot,-1.448464,0.4108615,-0.2857766,9.334667E-06,0,0,tunelzinho14_support (1),-1.368556,0.8645127,-0.08000231,0,0,0,-0.07990789,-0.4536512,-0.2057743,-0.0947858,-1.455573,-0.05375467,-1.353678,1.866435,-0.2320217,-1.353678,2.506435,-1.632021,0.1628487,2.135956,2.298805,
#bar,-0.8380041,1.513743,-0.3358712,0,350,0,tunelzinho15_support,-0.3340015,0.8645127,-0.2470031,0,350,0,-0.5040026,0.6492299,-0.08886814,0.515674,-0.3526922,-0.1038494,-1.353678,1.866435,-0.2320217,-1.353678,2.506435,-1.632021,0.1653137,2.136067,2.301381,
#support,-0.3340015,0.8645127,-0.2470031,0,350,0,tunelzinho15_bar,-0.8380041,1.513743,-0.3358712,0,350,0,0.5040026,-0.6492299,0.08886814,1.019677,-1.001922,-0.01498117,-1.353678,1.866435,-0.2320217,-1.353678,2.506435,-1.632021,0.1681221,2.136075,2.304197,
#support (1),-1.342008,0.8645127,-0.4247403,0,350,0,tunelzinho15_bar,-0.8380041,1.513743,-0.3358712,0,350,0,-0.5040035,-0.6492299,-0.08886909,0.01167048,-1.001922,-0.1927184,-1.353678,1.866435,-0.2320217,-1.353678,2.506435,-1.632021,0.1704099,2.136075,2.306485,
#bar,-0.8380041,1.513743,-0.3358712,0,350,0,tunelzinho15_support (1),-1.342008,0.8645127,-0.4247403,0,350,0,0.5040035,0.6492299,0.08886909,0.515674,-0.3526922,-0.1038494,-1.353678,1.866435,-0.2320217,-1.353678,2.506435,-1.632021,0.1767323,2.136077,2.312809,
#Hips,-1.352,1.252794,-0.26,9.334667E-06,0,0,tunelzinho15_support (1),-1.342008,0.8645127,-0.4247403,0,350,0,-0.009992361,0.3882812,0.1647403,0.001678117,-0.6136409,-0.02797815,-1.353678,1.866435,-0.2320217,-1.353678,2.506435,-1.632021,0.1794107,2.136077,2.315488,
#support,-0.2700014,0.8645127,-0.4180017,0,340,0,tunelzinho16_bar,-0.7509155,1.513743,-0.59304,0,340,0,0.4809141,-0.6492299,0.1750383,1.083677,-1.001922,-0.1859797,-1.353678,1.866435,-0.2320217,-1.353678,2.506435,-1.632021,0.1819263,2.136053,2.31798,
#bar,-0.7509155,1.513743,-0.59304,0,340,0,tunelzinho16_support,-0.2700014,0.8645127,-0.4180017,0,340,0,-0.4809141,0.6492299,-0.1750383,0.6027626,-0.3526922,-0.3610182,-1.353678,1.866435,-0.2320217,-1.353678,2.506435,-1.632021,0.184305,2.136053,2.320358,
#support (1),-1.231829,0.8645127,-0.7680793,0,340,0,tunelzinho16_bar,-0.7509155,1.513743,-0.59304,0,340,0,-0.4809132,-0.6492299,-0.1750393,0.1218494,-1.001922,-0.5360574,-1.353678,1.866435,-0.2320217,-1.353678,2.506435,-1.632021,0.1867862,2.136053,2.322839,
#bar,-0.7509155,1.513743,-0.59304,0,340,0,tunelzinho16_support (1),-1.231829,0.8645127,-0.7680793,0,340,0,0.4809132,0.6492299,0.1750393,0.6027626,-0.3526922,-0.3610182,-1.353678,1.866435,-0.2320217,-1.353678,2.506435,-1.632021,0.1953948,2.136056,2.331451,
#bar,-0.6522141,1.513743,-0.8388915,0,330,0,tunelzinho17_support,-0.2090015,0.8645127,-0.5830016,0,330,0,-0.4432125,0.6492299,-0.2558899,0.7014641,-0.3526922,-0.6068697,-1.353678,1.866435,-0.2320217,-1.353678,2.506435,-1.632021,0.1996591,2.136039,2.335698,
#support,-0.2090015,0.8645127,-0.5830016,0,330,0,tunelzinho17_bar,-0.6522141,1.513743,-0.8388915,0,330,0,0.4432125,-0.6492299,0.2558899,1.144677,-1.001922,-0.3509797,-1.353678,1.866435,-0.2320217,-1.353678,2.506435,-1.632021,0.2032385,2.136042,2.33928,
#bar,-0.6522141,1.513743,-0.8388915,0,330,0,tunelzinho17_support (1),-1.095427,0.8645127,-1.094779,0,330,0,0.4432125,0.6492299,0.255888,0.7014641,-0.3526922,-0.6068697,-1.353678,1.866435,-0.2320217,-1.353678,2.506435,-1.632021,0.2161005,2.136042,2.352142,
#support (1),-1.095427,0.8645127,-1.094779,0,330,0,tunelzinho17_bar,-0.6522141,1.513743,-0.8388915,0,330,0,-0.4432125,-0.6492299,-0.255888,0.2582515,-1.001922,-0.8627576,-1.353678,1.866435,-0.2320217,-1.353678,2.506435,-1.632021,0.2206511,2.136042,2.356693,
#support,-0.144001,0.8645127,-0.7030025,0,320,0,tunelzinho18_bar,-0.536046,1.513743,-1.031966,0,320,0,0.392045,-0.6492299,0.3289633,1.209677,-1.001922,-0.4709806,-1.353678,1.866435,-0.2320217,-1.353678,2.506435,-1.632021,0.225879,2.13603,2.361909,
#bar,-0.536046,1.513743,-1.031966,0,320,0,tunelzinho18_support,-0.144001,0.8645127,-0.7030025,0,320,0,-0.392045,0.6492299,-0.3289633,0.8176321,-0.3526923,-0.7999439,-1.353678,1.866435,-0.2320217,-1.353678,2.506435,-1.632021,0.2339277,2.136029,2.369956,
#support (1),-0.9280901,0.8645127,-1.36093,0,320,0,tunelzinho18_bar,-0.536046,1.513743,-1.031966,0,320,0,-0.3920441,-0.6492299,-0.3289642,0.425588,-1.001922,-1.128908,-1.353678,1.866435,-0.2320217,-1.353678,2.506435,-1.632021,0.2368095,2.13603,2.372839,
#bar,-0.536046,1.513743,-1.031966,0,320,0,tunelzinho18_support (1),-0.9280901,0.8645127,-1.36093,0,320,0,0.3920441,0.6492299,0.3289642,0.8176321,-0.3526923,-0.7999439,-1.353678,1.866435,-0.2320217,-1.353678,2.506435,-1.632021,0.2432666,2.136031,2.379298,
